539.971 -280.493      539.954 -278.581      0.0173459 -1.91297
411.757 528.036      411.743 528.075      0.0144697 -0.03755
981.721 515.997      981.904 515.517      -0.176662 0.482186
-228.768 953.986      -227.93 953.357      -0.837906 0.628836
-232.439 80.802      -231.986 81.6722      -0.452674 -0.870106
1104.56 997.831      1104.02 997.795      0.544217 0.0353485
87.2453 553.793      87.5676 554.086      -0.322321 -0.292802
961.079 211.728      961.144 211.818      -0.0651106 -0.089179
-50.092 0.0646181      -49.6999 1.10468      -0.393705 -1.04162
-532.404 835.687      -531.031 835.701      -1.37156 -0.014403
1023.37 -213.228      1022.59 -212.078      0.786027 -1.14916
955.414 98.0616      954.406 98.8279      1.00862 -0.766245
2054.23 48.669      2052.17 49.3513      2.06279 -0.682299
1127.03 453.316      1126.28 453.372      0.75393 -0.0557066
21.2154 365.376      21.8361 365.84      -0.620513 -0.46411
566.375 684.87      566.422 685.351      -0.0488397 -0.481659
755.141 170.606      754.724 171.237      0.416325 -0.630581
757.355 347.719      756.927 348.222      0.428028 -0.503043
465.007 232.889      464.729 233.292      0.279107 -0.402853
-164.893 -75.9957      -164.347 -75.1906      -0.546089 -0.804987
-470.19 456.852      -468.998 456.84      -1.19172 0.0119614
643.14 -173.247      642.92 -172.03      0.220188 -1.21588
244.88 389.08      244.374 389.46      0.511078 -0.377987
-285.245 523.65      -284.204 523.409      -1.04047 0.240123
-92.5049 772.794      -91.8517 772.402      -0.652936 0.392895
-97.3327 486.511      -96.7541 486.639      -0.579706 -0.129447
217.747 738.03      217.707 737.504      0.0403664 0.526074
-363.457 -509.559      -362.311 -508.193      -1.1461 -1.36617
-403.572 548.44      -402.761 548.295      -0.811513 0.145041
30.4499 -243.059      31.1654 -241.969      -0.715227 -1.08973
-94.2598 635.565      -93.9615 636.009      -0.299571 -0.444042
1227.46 335.182      1226.43 335.514      1.03849 -0.331321
1939.34 1527.93      1936.88 1526.28      2.453 1.65451
1686.4 1743.73      1684.28 1741.87      2.12709 1.8554
1541.23 1476.14      1539.5 1474.83      1.73472 1.31096
958.404 1675.89      957.742 1674.32      0.661765 1.56228
1854.78 1162.42      1853.09 1161.5      1.69432 0.917813
2498.87 1810.93      2496.1 1809.12      2.77051 1.80305
1925.22 1258.04      1923.26 1257.14      1.95625 0.900563
1524.94 850.314      1523.61 850.166      1.33753 0.148031
1349.99 791.652      1349.19 791.552      0.8037 0.0997327
1552.43 562.134      1551.14 562.129      1.28786 0.00419615
499.047 131.825      499.608 132.488      -0.560802 -0.662324
1132.48 -264.292      1131.98 -262.851      0.506146 -1.44073
231.955 829.088      232.475 828.145      -0.514434 0.943813
1622.41 1123.59      1620.84 1122.3      1.56914 1.30777
454.735 780.591      455.044 780.406      -0.308642 0.185041
198.37 234.211      199.268 234.231      -0.898164 -0.0206467
660.312 1198.48      659.789 1197.78      0.52318 0.696057
1189.83 954.961      1189.1 954.095      0.739754 0.866349
-542.851 864.665      -541.397 864.246      -1.45422 0.41934
292.652 756.21      292.341 755.936      0.310724 0.274909
527.603 568.492      528.394 568.715      -0.808731 -0.205856
-327.983 1029.62      -327.072 1029.01      -0.909841 0.611062
-22.3732 -117.116      -22.3723 -116.464      -0.000883282 -0.651563
919.462 -119.685      918.826 -118.782      0.635997 -0.903318
-555.793 1009.42      -554.759 1008.9      -1.03355 0.518965
366.319 -175.788      366.426 -174.988      -0.106741 -0.799573
-727.132 392.093      -725.815 392.607      -1.31656 -0.513497
-1349.43 731.681      -1346.88 731.527      -2.54164 0.153489
256.484 -725.599      256.478 -723.76      0.00590342 -1.83853
4.64867 389.844      5.24572 390.377      -0.596991 -0.533622
-613.226 1892.12      -611.72 1890.12      -1.50636 1.99979
-277.096 1896.81      -276.133 1894.86      -0.963307 1.95282
-6.21081 981.778      -5.42304 981.666      -0.787639 0.112382
568.506 1341.32      568.549 1340.1      -0.0429629 1.21959
652.596 -384.227      652.66 -382.769      -0.0640173 -1.4575
1042.06 576.603      1041.99 576.29      0.0646866 0.315061
825.341 269.873      825.44 270.402      -0.0993293 -0.528696
357.921 -63.2196      358.095 -62.2324      -0.173324 -0.986352
1024.72 717.62      1024.56 717.661      0.15838 -0.0397056
585.587 768.091      586.178 767.409      -0.592132 0.681744
1727.53 474.339      1725.57 474.415      1.95767 -0.076676
848.339 707.007      848.333 706.639      0.0060931 0.368396
-93.9239 -109.187      -93.2354 -108.19      -0.688189 -0.996075
-348.934 675.76      -347.447 675.913      -1.48642 -0.153239
897.936 102.891      897.396 103.977      0.538372 -1.0855
673.282 1533.74      672.764 1532.35      0.51747 1.39782
865.952 132.301      865.263 132.59      0.688133 -0.288085
646.809 462.028      646.771 462.315      0.0373767 -0.285802
1609.5 903.021      1607.86 902.73      1.64155 0.289991
987.274 284.877      986.653 285.508      0.620249 -0.630639
935.109 145.727      934.73 145.888      0.378835 -0.161315
939.33 -282.032      938.69 -281.032      0.640398 -1.0004
287.157 2662.74      287.548 2659.64      -0.390369 3.10828
389.6 987.291      389.838 987.23      -0.237723 0.0605458
-980.894 1109.41      -979.096 1108.64      -1.79802 0.771379
129.915 -30.7175      129.985 -30.2193      -0.0704416 -0.497829
1318.88 975.122      1317.57 974.686      1.31676 0.435839
1238.12 118.928      1237.24 119.751      0.883851 -0.822481
249.923 923.209      249.801 922.563      0.123317 0.64613
496.841 265.872      496.346 266.004      0.494218 -0.131241
-195.465 805.517      -194.989 805.523      -0.475693 -0.00574327
-138.728 854.637      -138.199 854.823      -0.528287 -0.186383
-162.219 769      -161.983 768.992      -0.235317 0.00818837
453.725 759.3      453.499 759.713      0.226452 -0.414053
1122.84 591.953      1122.23 592.526      0.609502 -0.574175
1625.88 1395.17      1624.46 1394.29      1.41748 0.875846
722.344 1208.09      722.631 1206.94      -0.284775 1.14988
437.908 385.245      438.729 385.792      -0.820218 -0.546627
524.266 30.6552      524.168 31.2984      0.0970274 -0.642703
-192.706 356.572      -191.804 357.108      -0.902568 -0.535862
790.57 360.644      790.039 361.139      0.531395 -0.493757
1625.66 1239.17      1624.43 1238.38      1.23448 0.782088
812.231 526.543      811.962 526.177      0.270011 0.363108
1252.26 1886.49      1251.41 1884.91      0.84504 1.57478
272.605 494.174      273.755 494.823      -1.15023 -0.646767
408.777 443.118      409.097 443.484      -0.320452 -0.365702
1080.24 305.74      1079.76 306.119      0.475628 -0.379315
550.274 22.7498      550.239 23.3003      0.0344268 -0.550208
413.999 549.643      413.584 549.772      0.41354 -0.128341
-139.529 -269.439      -138.617 -268.171      -0.912259 -1.26901
790.718 541.277      790.881 541.007      -0.162065 0.269264
889.814 538.162      889.245 538.599      0.567333 -0.436101
748.305 103.419      748.119 103.387      0.184186 0.0342182
152.599 -539.096      153.246 -537.547      -0.647268 -1.54791
460.839 552.105      460.89 552.132      -0.0506735 -0.0276195
-519.097 805.74      -517.719 805.416      -1.37802 0.32374
-152.542 1058.37      -152.157 1057.4      -0.385249 0.973966
122.633 -273.214      122.492 -271.934      0.14081 -1.27976
358.118 -52.3773      358.24 -51.734      -0.12179 -0.643435
602.979 820.997      602.865 821.1      0.113592 -0.102698
-113.881 1478.02      -113.325 1476.84      -0.555315 1.18299
-29.8789 548.607      -29.4482 548.616      -0.429611 -0.00557972
-64.6674 840.09      -64.465 839.842      -0.202184 0.248333
228.272 592.585      228.28 593.244      -0.00611809 -0.657811
-402.399 2400.54      -401.381 2398.24      -1.01807 2.29992
585.707 502.768      585.217 502.555      0.48993 0.212471
1061.51 377.82      1060.77 378.555      0.747265 -0.734245
553.09 938.034      553.473 938.028      -0.382607 0.00514128
1224.29 1164.77      1223.56 1164.34      0.731086 0.431545
551.983 1634.55      551.885 1633.31      0.0986596 1.23938
1044.31 1273.71      1043.76 1272.9      0.552912 0.810266
1410.34 1010.77      1408.83 1010.3      1.50302 0.474903
880.549 91.663      880.521 92.4272      0.0279505 -0.762789
1587.93 1206.31      1586.59 1205.93      1.33823 0.382668
1302.68 600.372      1301.83 600.461      0.853852 -0.089574
848.537 227.437      848.784 227.51      -0.247646 -0.0720308
1191.73 946.934      1191.14 946.751      0.593522 0.182124
1100.31 223.702      1099.25 224.223      1.05846 -0.521196
1518.45 2656.65      1517.05 2653.61      1.39719 3.03971
1818.86 1490.43      1817.21 1489.12      1.6466 1.31099
1071.36 -37.7686      1070.53 -37.0824      0.83307 -0.6858
1394.39 596.59      1393.73 596.519      0.661958 0.0710102
-39.1222 743.868      -38.1437 744.1      -0.978571 -0.233144
-532.842 1283.47      -531.315 1282.42      -1.52647 1.05466
818.994 168.596      817.658 169.244      1.3339 -0.644086
-110.162 613.901      -109.407 613.584      -0.754226 0.317489
-822.011 408.3      -820.308 408.55      -1.70322 -0.250455
307.994 304.937      308.474 305      -0.479673 -0.0628762
868.82 160.757      867.865 161.238      0.955018 -0.48131
394.269 616.471      394.341 617.154      -0.0753406 -0.682328
253.814 391.687      254.006 392.319      -0.195742 -0.63284
-496.951 771.352      -495.345 770.998      -1.60541 0.353969
140.785 -1.63282      141.164 -0.490709      -0.377753 -1.14218
1035.92 721.935      1034.61 722.234      1.30757 -0.299143
-444.918 1767.75      -443.581 1766.24      -1.33625 1.51707
398.012 1792.81      398.249 1791.19      -0.236148 1.6172
356.106 448.651      355.727 448.725      0.379902 -0.073336
253.45 610.591      253.57 610.607      -0.122544 -0.0173094
415.64 396.083      416.188 396.328      -0.547981 -0.244986
200.86 529.64      201.854 529.548      -0.993596 0.0912351
605.424 1698.88      605.438 1697.25      -0.0142937 1.62902
623.328 1307.01      623.405 1306.05      -0.0772732 0.965599
1144.86 1049.41      1144.38 1048.78      0.472366 0.631415
2431.2 1308.8      2428.27 1307.65      2.92633 1.1504
1323.45 1203.95      1321.79 1203.15      1.65959 0.804854
1624.56 1128.87      1622.76 1128.39      1.7959 0.475084
2138.11 1193.21      2135.89 1192.37      2.22216 0.845836
261.022 360.63      262.107 361.037      -1.08494 -0.406928
1222.26 502.09      1221.66 501.936      0.591857 0.154548
1255.87 467.403      1254.92 467.833      0.952152 -0.429391
1707.56 759.382      1705.84 759.198      1.71389 0.184528
1032.34 595.221      1031.81 595.577      0.530792 -0.357149
1057.25 662.255      1056.74 662.029      0.510702 0.225546
1424.98 266.776      1423.82 266.9      1.15825 -0.123844
633.776 874.973      634.018 873.763      -0.242268 1.21001
1271.82 521.447      1271.27 521.377      0.553767 0.0701961
241.353 829.441      242.132 829.586      -0.783842 -0.145695
545.748 691.741      546.139 691.521      -0.390829 0.219398
-429.024 516.668      -428.005 517.038      -1.01844 -0.369804
390.442 581.496      390.794 581.557      -0.351203 -0.0605441
-192.302 665.701      -192.02 665.326      -0.282477 0.375401
-629.747 -175.003      -628.317 -173.807      -1.43001 -1.19538
-651.199 756.713      -649.699 756.387      -1.49968 0.3261
-919.458 856.478      -917.255 856.014      -2.20326 0.463547
675.259 171.715      674.866 172.102      0.393247 -0.384441
523.107 466.506      522.423 467.322      0.685269 -0.816013
915.636 1732.24      914.905 1730.88      0.730921 1.35621
1146.25 1149.14      1145.43 1148.34      0.827659 0.806608
-543.308 660.305      -541.854 660.104      -1.45357 0.201575
668.463 541.223      668.445 541.45      0.0182737 -0.226612
148.136 1344.51      148.941 1343.76      -0.804711 0.75267
-226.336 2052.66      -225.149 2050.62      -1.18666 2.04665
701.332 1115.13      701.294 1114.8      0.0385875 0.326288
280.554 460.452      280.927 460.768      -0.372415 -0.316274
453.657 430.113      454.04 430.791      -0.382565 -0.678184
88.2931 2401.5      89.1337 2399      -0.84061 2.49783
1739.28 1636.52      1737.5 1635.07      1.78769 1.45076
2359.7 671.108      2357.06 671.05      2.63976 0.0578605
1183.82 463.817      1183.11 463.974      0.709772 -0.157351
1880.06 527.149      1878.45 527.502      1.60541 -0.353221
1073.38 495.365      1073.34 495.767      0.0434152 -0.404239
775.827 1046.25      775.441 1046.13      0.386445 0.117697
948.639 458.71      947.468 459.561      1.16898 -0.850183
309.439 274.316      309.689 274.967      -0.24941 -0.651224
516.353 1204.05      516.114 1203.13      0.239257 0.926056
1980.01 434.112      1978.03 434.326      1.97152 -0.214144
1301.02 562.177      1300.08 562.006      0.94252 0.17107
1095.15 95.6653      1094.68 96.1696      0.478061 -0.503917
370.19 -82.7686      369.978 -81.2993      0.213193 -1.4724
222.725 -27.4291      222.735 -26.604      -0.010476 -0.825052
-1118.26 722.777      -1116.26 722.497      -1.99602 0.280259
22.2617 674.064      23.201 674.43      -0.939026 -0.366017
528.534 489.391      528.221 489.585      0.313389 -0.193942
60.6835 646.656      60.978 646.727      -0.294606 -0.0702468
672.687 -59.7498      671.976 -59.0245      0.710978 -0.724898
-197.345 1547.5      -196.609 1546.34      -0.736392 1.15562
348.264 688.493      347.851 688.936      0.4123 -0.442613
394.997 350.698      395.432 350.686      -0.434939 0.0124896
548.14 1290.05      547.948 1289.46      0.191042 0.581601
-566.245 1940.83      -564.698 1938.7      -1.54701 2.1294
619.027 550.932      619.353 550.813      -0.326752 0.119382
789.433 777.096      789.436 777.331      -0.00253457 -0.235131
41.1855 1349.87      41.8491 1349.16      -0.663566 0.710037
981.421 1376.37      981.057 1375.36      0.364091 1.00337
746.042 1043.11      746.174 1042.84      -0.132344 0.272268
496.234 382.958      496.62 383.565      -0.387357 -0.604958
371.642 564.81      371.882 565.072      -0.238548 -0.262336
1750.57 1305.69      1749.1 1304.93      1.47407 0.755164
237.393 436.063      237.796 435.711      -0.402554 0.352948
1110.54 960.109      1109.95 959.143      0.58751 0.96555
705.697 1039.67      705.449 1039.52      0.247654 0.152067
878.206 1320.62      877.943 1320.05      0.263357 0.572036
397.711 638.701      398.137 638.967      -0.426332 -0.265624
1532.91 903.958      1531.64 903.695      1.26992 0.262711
1933.84 1017.26      1931.83 1016.62      2.00215 0.646052
1572.67 368.445      1571.56 368.69      1.10299 -0.24549
734.86 2632.5      734.521 2629.61      0.339202 2.89057
500.937 613.364      500.573 613.307      0.363591 0.0568521
554.034 164.122      554.258 164.674      -0.223163 -0.55156
1032.79 1120.97      1032.09 1120.67      0.696736 0.295367
-710.562 59.8403      -708.977 60.9014      -1.58561 -1.06129
189.122 911.046      189.034 910.874      0.0876771 0.171247
745.371 1181.41      744.886 1181.18      0.484296 0.237503
324.325 738.236      324.782 738.446      -0.45724 -0.210378
-774.059 712.867      -772.538 712.921      -1.52149 -0.0542652
-140.913 890.589      -140.717 890.665      -0.194729 -0.0761297
198.363 684.899      198.518 685.099      -0.153948 -0.200679
170.708 -123.416      171.185 -122.322      -0.475287 -1.09398
910.963 472.069      910.577 472.263      0.386749 -0.194454
-140.205 1252.09      -139.807 1251.33      -0.397814 0.759916
-604.913 765.719      -603.655 765.96      -1.25794 -0.241097
213.927 124.605      214.002 125.366      -0.075279 -0.760435
399.384 562.475      399.919 562.49      -0.535215 -0.016945
287.062 771.405      287.407 771.75      -0.344216 -0.346768
713.517 856.202      713.143 855.772      0.373847 0.43007
812.491 169.947      812.283 170.256      0.208087 -0.309487
722.154 496.509      721.764 496.494      0.390581 0.014496
1055.2 891.394      1054.91 890.948      0.289238 0.445049
1105.98 1739.47      1105.2 1737.99      0.780104 1.4809
671.623 1544.85      671.639 1543.87      -0.0152975 0.971373
903.244 802.45      902.4 801.31      0.84349 1.14102
823.667 1140.23      823.152 1139.07      0.514836 1.16429
2092.95 2377.38      2090.64 2374.68      2.3078 2.70606
498.347 -44.4361      498.804 -43.2342      -0.456366 -1.20131
1309.24 1190.32      1308.41 1189.37      0.826374 0.958589
540.738 402.738      541.464 402.991      -0.726102 -0.252108
168.866 1712.31      169.315 1710.94      -0.448309 1.36131
65.2004 148.545      65.9619 149.611      -0.763093 -1.06703
807.073 681.887      806.874 682.201      0.198534 -0.314949
-58.9642 824.187      -58.3321 824.376      -0.632432 -0.18996
464.365 699.877      464.531 699.718      -0.163277 0.159724
860.64 289.233      860.3 289.714      0.339672 -0.480749
735.812 110.208      735.523 111.143      0.290907 -0.935298
170.967 605.751      171.056 606.202      -0.0885037 -0.45166
-315.76 523.568      -315.206 523.81      -0.553945 -0.242546
-489.52 -227.057      -488.233 -225.683      -1.28673 -1.37307
-255.853 1253.67      -255.096 1252.66      -0.756424 1.01118
19.249 1097.15      19.9057 1096.68      -0.656683 0.469635
-100.068 410.053      -98.5779 409.861      -1.47729 0.19055
527.18 641.187      527.211 640.986      -0.0308967 0.203246
164.48 257.582      164.638 258.268      -0.157742 -0.686186
403.636 1742.61      403.421 1740.88      0.214248 1.72636
-469.952 2352.83      -468.709 2350.13      -1.24319 2.70235
-265.226 2625.08      -264.156 2622.07      -1.07068 3.01039
779.991 642.158      779.488 642.214      0.504031 -0.0563028
1354.81 1254.68      1353.45 1254.04      1.36079 0.633115
558.042 -21.95      558.284 -21.159      -0.241405 -0.790666
860.242 1267.04      859.658 1266.38      0.583535 0.657808
1231.4 443.55      1231 444.203      0.407145 -0.652362
110.929 721.752      111.603 721.233      -0.674033 0.518656
45.7228 1418.1      46.5558 1416.94      -0.832979 1.1623
988.52 1918.84      988.066 1917.02      0.454275 1.81932
1452.42 1723.28      1451.28 1721.44      1.1339 1.83831
1108.65 742.691      1108.24 743.076      0.414169 -0.384587
1288.84 457.972      1288.2 458.062      0.636207 -0.0895275
65.0195 700.671      65.532 700.693      -0.512513 -0.0226829
542.569 1694.07      542.753 1692.31      -0.183229 1.75218
911.113 1317.68      910.6 1316.63      0.512313 1.05139
879.471 1516.04      878.934 1515.05      0.536367 0.984988
4.49582 853.368      5.03506 853.217      -0.539445 0.151411
957.652 312.435      956.917 312.811      0.734951 -0.375039
393.167 1362.13      393.062 1361.43      0.105078 0.692614
1390.09 521.467      1388.72 521.693      1.36909 -0.225705
-338.282 297.852      -337.483 298.493      -0.799153 -0.640507
-198.176 1478.22      -197.153 1477.21      -1.02295 1.00854
-193.047 537.49      -191.628 537.848      -1.41852 -0.358381
-329.507 358.562      -328.399 359.26      -1.10792 -0.698801
981.005 410.043      980.273 410.421      0.731349 -0.378419
-1234.74 899.865      -1232.27 899.499      -2.47108 0.366045
924.212 825.706      922.849 824.836      1.36047 0.870609
364.245 1563.12      364.173 1561.92      0.071624 1.20658
55.8585 1456.32      56.3472 1455.34      -0.488726 0.982434
325.428 694.102      325.446 694.646      -0.0165194 -0.54353
219.063 313.436      219.758 313.321      -0.694966 0.116202
1109.26 1120.86      1108.37 1120.28      0.896133 0.578159
615.491 653.46      615.621 653.372      -0.129789 0.0884607
1100.69 1362.36      1099.55 1361.59      1.14356 0.769863
1191.04 871.639      1189.93 871.197      1.10078 0.441805
-98.1968 1216.71      -97.3672 1215.95      -0.82937 0.758551
-328.375 950.819      -326.582 950.295      -1.79328 0.523887
965.219 2358.76      964.581 2356.43      0.637887 2.32578
-109.908 1102.67      -108.628 1102.2      -1.27958 0.460794
332.24 1493.04      332.634 1491.88      -0.393914 1.15764
1337.59 1598.41      1336.66 1596.94      0.932196 1.47247
1015.72 734.523      1014.8 734.591      0.926317 -0.0702258
1176.83 511.808      1175.84 511.468      0.995563 0.339605
1250.4 1636.43      1249.28 1634.88      1.12604 1.54622
571.176 1819.45      571.036 1817.24      0.140309 2.20303
529.27 1226.25      529.237 1225.66      0.0323396 0.592266
1336.91 263.459      1336.18 263.998      0.723399 -0.539034
1422.65 1701.8      1421.39 1700.39      1.25613 1.4153
853.661 473.807      853.034 474.448      0.62673 -0.640498
868.78 421.927      868.432 422.11      0.347135 -0.182164
353.178 1328.5      353.246 1327.45      -0.0681057 1.05282
-321.904 1907.78      -320.873 1905.94      -1.03109 1.83842
877.583 763.494      877.592 762.708      -0.00963505 0.785825
-357.827 1208.78      -356.816 1207.96      -1.01098 0.824389
358.604 2184.47      359.012 2182.35      -0.408598 2.12242
-276.881 1616.21      -276.04 1614.87      -0.84082 1.33702
372.17 813.293      372.208 813.083      -0.03707 0.209007
-17.948 1710.54      -17.4083 1708.77      -0.539713 1.7671
-589.788 1407.45      -588.201 1406.45      -1.58651 0.999283
581.188 1363.15      580.848 1362.26      0.34075 0.887456
-780.225 1350.87      -778.496 1349.79      -1.72905 1.08372
-181.92 1010.11      -181.077 1009.98      -0.842077 0.123587
735.925 1592.35      735.121 1590.96      0.803065 1.39362
960.76 1124.98      959.747 1124.61      1.01256 0.369481
729.642 1620.28      729.374 1618.88      0.267106 1.39796
1483.45 1327.26      1481.96 1326.13      1.48978 1.1296
694.708 755.156      694.254 755.662      0.454464 -0.50755
679.024 87.7937      679.005 88.4902      0.0192404 -0.695297
-198.953 34.2822      -198.336 35.0034      -0.617107 -0.721223
621.993 1212.88      622.282 1211.49      -0.288939 1.3939
-8.68732 1599.07      -7.55457 1597.91      -1.13269 1.15684
812.789 644.592      812.885 644.143      -0.0960662 0.448823
1132.06 1039.57      1131.73 1039.1      0.328386 0.4714
82.276 675.494      82.6815 675.838      -0.405402 -0.344
942.03 1191.49      941.684 1190.78      0.345646 0.713022
1287.27 1503.77      1286.31 1502.47      0.958377 1.3008
647.17 581.007      646.903 581.332      0.267767 -0.324988
784.338 1072.17      784.387 1071.51      -0.0493193 0.663628
602.119 1146.02      602.067 1145.24      0.0520049 0.780778
147.755 792.441      148.461 792.476      -0.705666 -0.0351791
360.977 610.755      361.268 611.16      -0.289974 -0.404472
806.268 604.158      804.941 603.668      1.32761 0.490474
371.93 915.308      372.142 915.159      -0.212013 0.147486
1114.01 526.639      1113.04 526.641      0.963626 -0.000982067
19.9362 1071.16      20.8573 1070.43      -0.921065 0.725168
517.973 561.611      518.319 562.038      -0.341706 -0.422881
343.608 1582.41      343.789 1580.79      -0.1812 1.62475
1067.77 409.7      1067.02 409.543      0.748626 0.157316
251.364 1562.99      251.45 1561.58      -0.0867171 1.40218
-754.004 155.237      -752.396 156.053      -1.60781 -0.815266
-109.144 -158.137      -108.801 -157.348      -0.342155 -0.787983
537.481 1313.77      536.879 1312.99      0.602608 0.778507
132.978 799.68      132.904 799.448      0.0742124 0.231923
1160.03 1970.29      1158.89 1968.49      1.13851 1.80059
627.462 1497.93      627.261 1496.76      0.200987 1.17521
247.858 1480.58      247.585 1479.18      0.273247 1.40204
586.965 844.463      587.267 843.465      -0.302316 0.995795
1256.91 819.348      1256.05 819.552      0.852092 -0.203506
1337.13 840.502      1336.05 840.643      1.08278 -0.141377
463.739 1223.55      464.405 1223.04      -0.665531 0.51822
-56.9378 917.339      -56.4068 917.051      -0.530789 0.287175
1081.57 485.85      1080.62 486.16      0.951514 -0.306649
974.264 1468.29      973.976 1466.75      0.288388 1.53803
742.883 717.081      742.428 715.991      0.454805 1.09022
-152.896 522.106      -151.883 521.69      -1.01202 0.41578
1316.04 1077.68      1315.19 1077.41      0.850886 0.268183
844.304 1829.49      843.839 1827.73      0.465356 1.75255
892.442 817.326      891.643 817.12      0.798832 0.204705
1367.02 1235.75      1366 1234.74      1.02096 1.00782
414.869 828.624      414.91 828.643      -0.0404564 -0.019715
1047.55 858.779      1046.93 858.26      0.615063 0.519204
931.769 466.542      931.884 466.521      -0.11486 0.020725
1256.69 336.966      1256.18 337.577      0.5115 -0.609966
1273.05 731.335      1272.35 731.213      0.699865 0.121295
627.255 481.085      626.651 481.107      0.60462 -0.0215901
-19.1762 1230.08      -18.2881 1229.56      -0.88775 0.517816
-86.5975 973.669      -86.1277 972.855      -0.469205 0.81454
-396.739 1240.91      -395.455 1240.17      -1.28386 0.740298
-129.94 192.633      -129.087 193.467      -0.852573 -0.833606
-80.0383 1516.82      -79.2867 1515.43      -0.751337 1.39754
-243.506 1079.61      -242.715 1079.14      -0.790563 0.468706
482.586 689.551      482.184 690.006      0.400059 -0.453844
-63.5452 995.14      -63.0823 995.027      -0.463205 0.112375
-386.683 327.453      -385.514 327.743      -1.16858 -0.290724
-674.823 744.48      -673.495 744.157      -1.32785 0.322418
502.272 854.648      502.208 854.762      0.0646089 -0.113518
848.621 764.666      847.679 764.962      0.941894 -0.296281
546.469 1131.83      546.419 1131.14      0.0501176 0.690036
1295.75 1174.9      1294.6 1174.08      1.15046 0.820473
-91.1187 803.195      -90.9491 802.507      -0.169348 0.687361
1094.82 1863.85      1093.81 1861.99      1.00918 1.85655
356.818 -16.494      356.774 -16.4692      0.0439776 -0.0252062
637.793 -723.766      637.896 -722.228      -0.102707 -1.53697
-267.131 1472.56      -265.911 1471.67      -1.21936 0.88749
915.084 1639.57      914.681 1638.05      0.402952 1.51428
943.339 911.659      943.031 911.522      0.30789 0.137092
1894.85 1389.93      1893.31 1388.76      1.54869 1.17738
1496.65 1446.16      1495.24 1445.17      1.40959 0.991673
-539.25 678.897      -537.656 679.464      -1.59303 -0.566421
589.699 1008.03      589.463 1007.11      0.23564 0.923961
309.593 560.083      310.143 560.292      -0.550247 -0.209302
619.324 -98.4817      619.211 -97.802      0.113242 -0.679237
699.614 1052.11      699.285 1052.08      0.322389 0.0217215
1700.81 602.466      1699.42 602.435      1.39279 0.0309215
686.898 564.74      687.209 564.831      -0.311255 -0.0915036
1091.89 812.116      1091.71 811.746      0.182332 0.369689
1156.96 698.737      1156.05 698.812      0.912574 -0.0752474
61.9772 1097.98      62.639 1096.9      -0.66147 1.07887
-132.268 657.733      -131.274 658.219      -0.993596 -0.487032
-273.961 1202.81      -273.039 1202.02      -0.921911 0.791337
343.365 894.602      343.239 894.117      0.126496 0.482255
258.341 208.831      258.302 209.337      0.0394447 -0.505204
-12.8333 888.738      -12.2366 888.725      -0.596641 0.0122686
-272.773 886.621      -271.899 886.152      -0.873977 0.46922
436.792 1429.32      436.546 1428.11      0.245431 1.20853
-620.984 1327.23      -619.623 1326.22      -1.36088 1.0101
29.9741 1364.12      30.4259 1362.9      -0.451698 1.22328
818.478 516.342      817.397 516.645      1.07841 -0.299062
715.338 660.158      715.202 660.102      0.135057 0.0562631
471.443 394.082      470.79 393.975      0.652932 0.108358
982.642 685.053      981.774 685.05      0.868237 0.00343431
310.733 1102.6      310.463 1102.22      0.269493 0.377989
825.027 1072.23      824.618 1071.86      0.408247 0.376839
256.921 -294.55      257.706 -293.597      -0.784926 -0.952387
869.899 563.271      869.994 562.905      -0.0973439 0.353764
702.02 531.641      701.841 531.817      0.179389 -0.176816
972.669 2011.08      972.115 2009.12      0.553551 1.95036
716.984 370.788      716.767 370.9      0.217063 -0.111678
-263.005 930.268      -261.871 929.53      -1.13332 0.737668
1326.86 1041.85      1325.7 1041.01      1.15731 0.848082
242.071 606.177      241.93 605.356      0.143541 0.820844
148.312 1127.01      148.905 1126.21      -0.592873 0.799769
811.968 787.702      811.667 787.419      0.300669 0.282837
391.514 1063.16      391.505 1062.45      0.00867909 0.70675
1244.47 533.788      1243.34 534.14      1.12256 -0.350046
620.351 594.691      620.377 594.463      -0.026275 0.227434
470.003 1787.1      469.818 1785.56      0.18552 1.53679
122.834 713.707      123.223 713.518      -0.389265 0.188819
843.372 510.131      843.311 510.155      0.060885 -0.0243732
505.351 998.297      505.057 997.984      0.295091 0.312909
421.986 568.537      421.921 568.619      0.0640936 -0.0838653
585.422 592.399      585.063 591.784      0.358367 0.614717
-484.671 318.185      -483.029 318.745      -1.6419 -0.559617
-230.478 1444.68      -229.642 1443.44      -0.83592 1.23656
-475.369 471.951      -474.164 471.897      -1.20499 0.0543957
605.218 957.584      604.775 957.613      0.44348 -0.0290832
-423.885 728.337      -422.784 728.284      -1.10082 0.052397
-529.063 558.038      -527.992 557.736      -1.07084 0.302046
-12.4389 126.855      -12.1084 127.521      -0.329863 -0.66627
-119.891 32.0862      -119.504 32.887      -0.388482 -0.803
1104.43 252.93      1103.59 252.97      0.838085 -0.0401074
999.892 659.573      999.231 659.744      0.661319 -0.170908
1177.37 233.557      1176.31 233.767      1.0669 -0.210566
1492.97 375.037      1491.71 375.863      1.25248 -0.826393
279.89 833.012      280.329 833.004      -0.43782 0.00747141
314.541 -397.149      315.03 -396.084      -0.488676 -1.06392
344.719 -712.765      344.998 -710.993      -0.27869 -1.7719
679.267 1220.64      678.922 1219.98      0.345289 0.664465
1080.38 926.021      1080.44 925.873      -0.0517597 0.147986
-113.906 1401.89      -112.865 1400.65      -1.04074 1.23134
233.051 203.524      232.983 204.465      0.0671852 -0.940943
1398.54 1478.08      1397.79 1476.76      0.745803 1.31842
994.698 1765.85      994.283 1764.19      0.41486 1.65558
1072.1 962.101      1071.63 961.394      0.478116 0.70744
623.342 693.146      623.645 693.408      -0.303684 -0.261687
729.895 1216.25      729.796 1215.44      0.0961257 0.808222
985.885 937.492      985.549 937.272      0.335514 0.219477
928.129 -197.4      927.787 -196.755      0.341448 -0.643721
240.36 473.164      240.198 472.644      0.16127 0.52062
376.033 653.633      375.77 653.61      0.263655 0.0227044
488.746 702.806      489.129 703.054      -0.382158 -0.246955
814.686 567.292      814.759 567.272      -0.0731379 0.0188976
876.631 460.733      876.42 461.195      0.209657 -0.461365
-492.369 487.509      -491.121 487.793      -1.24782 -0.283964
-725.385 1093.15      -723.723 1092.46      -1.66263 0.693711
-126.045 20.0098      -125.393 20.4883      -0.649932 -0.475942
-609.391 226.038      -608.099 226.475      -1.29206 -0.436508
829.605 856.783      828.907 856.324      0.698452 0.4586
679.242 410.08      679.161 410.176      0.0808807 -0.0950685
485.922 1047.09      485.712 1046.33      0.210537 0.760045
-123.172 491.89      -122.465 491.246      -0.706183 0.643201
373.936 -92.8198      373.602 -91.7303      0.332641 -1.08527
923.587 -66.1107      922.721 -65.7722      0.86594 -0.338409
444.717 -335.546      444.577 -333.99      0.138098 -1.55641
634.433 -78.4803      634.501 -77.9424      -0.0685865 -0.537552
643.192 249.285      643.155 249.421      0.0367486 -0.135734
400.062 1108.74      399.925 1107.81      0.137235 0.931604
527.545 -318.047      527.995 -317.187      -0.450204 -0.860294
1025.82 225.857      1025.4 226.45      0.424398 -0.592544
476.673 1090.82      477.035 1090.14      -0.361309 0.686039
530.688 1262.14      530.735 1260.95      -0.0467253 1.18807
112.359 433.2      113.268 433.583      -0.909067 -0.382322
157.632 395.603      158.04 395.953      -0.407297 -0.349697
180.598 866.917      181.059 867.106      -0.460545 -0.189241
382.385 622.012      383.026 621.719      -0.637725 0.290991
930.876 1454.84      930.219 1453.62      0.657177 1.22616
751.661 240.448      751.538 240.721      0.122927 -0.273288
796.317 472.838      796.486 472.782      -0.170656 0.0559855
1371.23 -77.3962      1370.16 -76.3658      1.06198 -1.0303
1212.42 542.875      1211.78 542.8      0.63648 0.0752586
-169.921 91.5853      -168.78 92.2328      -1.14081 -0.64746
824.152 388.15      823.824 387.878      0.325818 0.273336
374.023 322.029      373.911 321.979      0.112058 0.0504962
1014.65 593.027      1013.97 593.265      0.678884 -0.238344
321.275 468.799      321.629 468.854      -0.353083 -0.0547668
-1.37962 -32.7052      -0.886686 -32.261      -0.493521 -0.444465
-139.732 13.1395      -138.907 13.6557      -0.824411 -0.516113
-995.823 1349.77      -993.874 1348.66      -1.94854 1.10336
-1.74155 1169.56      -1.12391 1168.7      -0.617284 0.861229
-364.177 -688.439      -363.115 -686.43      -1.06215 -2.00873
123.416 -444.516      123.752 -443.483      -0.335887 -1.03298
-172.418 448.997      -172.213 449.596      -0.204492 -0.599674
-54.6625 648.625      -54.1896 648.947      -0.473069 -0.32257
589.305 -598.877      589.199 -597.282      0.106465 -1.59436
801.323 466.904      801.055 466.912      0.266895 -0.00801469
286.558 297.29      286.521 297.086      0.0369529 0.204154
466.568 21.4888      466.833 22.2854      -0.271574 -0.784111
414.845 1111.55      414.866 1110.53      -0.020274 1.01083
580.107 1904.07      579.771 1902.13      0.335525 1.94255
307.889 -740.005      308.363 -738.333      -0.47425 -1.67246
544.479 -181.16      544.43 -180.476      0.0485129 -0.683702
41.1092 675.837      41.1925 675.337      -0.0828573 0.499775
1260.09 1140.37      1259.47 1139.65      0.618969 0.718568
324.472 941.666      324.271 940.991      0.200756 0.675035
963.269 612.452      963.033 613.004      0.236839 -0.552604
1283.1 -563.254      1282.09 -561.765      1.00336 -1.48857
589.396 349.067      589.583 348.997      -0.187266 0.0707909
979.611 -126.352      979.104 -125.544      0.507272 -0.807009
1326.38 -200.07      1325.5 -199.126      0.871349 -0.943837
561.864 575.712      562.08 575.762      -0.21687 -0.0505944
792.826 389.04      792.394 389.006      0.432607 0.033839
809.473 396.851      809.843 396.863      -0.369132 -0.0133162
349.581 -306.252      349.685 -305.362      -0.103875 -0.889418
880.849 601.607      880.164 601.708      0.684679 -0.101314
209.135 507.471      209.338 507.27      -0.203514 0.201536
191.11 17.762      191.8 17.9175      -0.690021 -0.156903
217.099 465.708      217.974 465.703      -0.87407 0.00605783
304.402 -195.705      304.507 -194.74      -0.105212 -0.965457
829.881 110.857      829.148 111.181      0.733433 -0.324099
-205.26 266.828      -204.219 267.43      -1.04031 -0.602413
338.183 481.862      338.181 481.379      0.00132599 0.482468
-174.201 -346.95      -173.643 -345.943      -0.558147 -1.00689
-71.2314 404.22      -71.1433 404.254      -0.0888869 -0.0334354
96.7407 269.663      96.6046 269.863      0.136077 -0.200073
194.978 -130.487      195.214 -129.878      -0.234246 -0.609153
662.539 126.216      662.291 126.16      0.2483 0.0559181
202.624 -706.309      202.8 -704.629      -0.176187 -1.6802
1102.38 -547.367      1101.43 -545.747      0.948962 -1.61982
633.057 -896.215      632.807 -894.407      0.24927 -1.80862
-44.9135 1533.03      -44.3043 1531.41      -0.609518 1.61884
560.299 1093.78      559.973 1092.77      0.325883 1.01254
-208.309 -270.586      -206.894 -269.629      -1.41588 -0.957822
493.445 723.485      493.332 722.995      0.112643 0.488689
403.654 479.15      404.155 479.743      -0.501311 -0.592232
534.129 744.068      533.507 744.088      0.621646 -0.0198038
170.683 -22.7406      171.218 -22.2617      -0.53445 -0.477723
344.419 670.22      344.707 669.419      -0.287494 0.80036
249.626 49.1129      249.63 49.5572      -0.00370237 -0.445019
801.381 129.622      801.213 130.629      0.168718 -1.00622
2393.22 34.3035      2390.69 34.9782      2.5235 -0.67459
749.209 748.172      749.379 747.478      -0.169793 0.692992
844.343 -964.664      844.055 -962.584      0.288063 -2.07995
1206.36 977.604      1205.01 977.17      1.35358 0.43319
580.014 856.686      579.875 856.285      0.13943 0.400493
1235.23 541.89      1235.28 541.468      -0.0457778 0.419421
-285.361 121.457      -284.081 121.766      -1.27989 -0.309336
821.587 236.793      821.278 237.051      0.308562 -0.258025
440.068 870.444      440.031 870.15      0.0374864 0.29383
-326.359 -163.915      -324.895 -163.371      -1.46377 -0.5434
-39.4739 -39.8635      -38.5888 -38.9333      -0.884799 -0.929675
1098.02 173.3      1096.84 173.549      1.1828 -0.249263
-70.7969 -1046.2      -70.0992 -1043.94      -0.697733 -2.26688
-120.345 156.123      -119.442 156.714      -0.90282 -0.589871
-628.076 827.224      -626.541 826.913      -1.53462 0.310755
-224.754 400.487      -223.918 400.546      -0.835993 -0.0588911
409.865 -276.885      409.709 -276.216      0.155682 -0.669192
45.4338 461.203      46.1069 461.761      -0.673046 -0.557686
444.355 627.423      444.68 626.901      -0.324955 0.52232
702.044 740.93      701.499 740.791      0.54434 0.140416
441.632 -201.392      441.491 -200.739      0.140441 -0.653615
-97.4665 -1019.95      -96.6604 -1017.89      -0.806099 -2.06159
-244.059 805.09      -243.46 804.34      -0.598107 0.749197
-204.961 1677.91      -204.071 1676.26      -0.8899 1.64257
-283.509 281.786      -282.431 281.713      -1.07814 0.0729289
248.606 -102.608      249.252 -101.898      -0.646501 -0.709628
782.327 464.634      782.258 464.853      0.0704935 -0.218537
165.048 530.408      165.837 530.156      -0.787125 0.251739
308.352 -220.455      309.018 -219.302      -0.666674 -1.15139
827.053 -892.962      826.567 -890.843      0.485968 -2.11897
253.618 716.618      254.194 716.153      -0.576061 0.465453
-23.4495 265.487      -22.4453 265.43      -1.00402 0.057039
952.389 -410.537      951.861 -409.409      0.527378 -1.12726
1432.77 -801.362      1431.49 -799.614      1.28174 -1.7474
829.034 -525.294      828.71 -524.104      0.323806 -1.1892
325.812 263.245      326.187 263.719      -0.375903 -0.472965
1550.7 -157.541      1549.33 -156.731      1.3693 -0.809608
805.44 -460.714      805.026 -459.384      0.414523 -1.32898
1213.68 867.013      1212.58 866.28      1.10374 0.73269
1592.5 -605.76      1591 -604.278      1.49818 -1.48181
-129.633 316.962      -128.635 317.148      -0.998676 -0.186262
-89.7387 642.191      -89.2368 641.854      -0.501621 0.336885
-92.6596 409.633      -92.5449 409.29      -0.127554 0.344227
125.688 -118.234      125.779 -117.827      -0.0902551 -0.407211
-579.128 -351.709      -577.574 -350.515      -1.55326 -1.19449
769.371 744.12      767.971 743.857      1.39741 0.263985
661.366 -14.7557      660.933 -14.0873      0.433408 -0.668281
628.881 52.3163      628.805 52.8011      0.0756489 -0.484586
967.719 -23.9125      967.3 -23.7672      0.419276 -0.144969
-674.924 79.603      -673.456 79.9476      -1.46807 -0.344541
245.348 9.46864      246.125 10.2242      -0.776073 -0.755717
665.665 620.324      665.438 619.357      0.226758 0.967162
852.274 -91.8321      851.728 -91.3213      0.54579 -0.510607
486.871 283.65      487.096 283.478      -0.224071 0.171014
721.263 -89.0916      720.987 -88.3176      0.276211 -0.773547
-337.127 -351.237      -335.922 -350.17      -1.20458 -1.06661
-62.0199 -9.00415      -61.4344 -8.24724      -0.583426 -0.755645
-489.278 569.513      -487.661 568.774      -1.61713 0.739043
812.737 118.84      812.852 118.747      -0.114896 0.0930491
1209.42 -492.371      1208.6 -491.182      0.818571 -1.18944
729.981 454.795      729.588 454.784      0.392738 0.0112768
570.486 -282.492      570.569 -282.146      -0.0841549 -0.345523
545.605 526.164      544.741 525.332      0.86416 0.832543
483.535 187.999      483.595 188.172      -0.0595846 -0.173254
1556.78 259.022      1555.54 259.09      1.23016 -0.0676277
1172.29 127.8      1171.38 128.337      0.916638 -0.536137
1939.95 486.903      1938.05 486.834      1.90155 0.069421
1066.46 722.767      1066.02 722.164      0.439307 0.6036
287.687 571.791      287.728 571.543      -0.0414143 0.247186
1150.92 527.012      1150.46 527.033      0.464418 -0.0214149
-100.837 147.621      -100.037 147.709      -0.799591 -0.0873448
463.884 27.1483      463.994 26.9489      -0.101453 0.18508
269.782 -0.6055      270.626 -0.48473      -0.843582 -0.11495
478.707 15.4748      478.495 15.3695      0.209046 0.10776
236.228 -144.191      236.41 -143.431      -0.181167 -0.759404
77.436 86.1241      77.5858 86.6694      -0.149987 -0.545021
-16.0986 212.923      -15.921 213.054      -0.175904 -0.130605
-897.638 -632.854      -895.657 -631.025      -1.98149 -1.82881
9.58678 233.911      10.5104 233.965      -0.924229 -0.0543677
-400.711 -72.99      -399.413 -72.4325      -1.29717 -0.55758
1371.29 543.978      1370.45 544.052      0.841862 -0.0747795
614.979 -324.055      614.645 -322.965      0.333355 -1.0892
-731.561 28.1973      -730.19 28.7962      -1.37025 -0.598496
2.80485 89.706      3.4931 90.0177      -0.687534 -0.311301
624.505 -517.207      624.138 -516.176      0.366715 -1.03107
998.987 -698.951      998.019 -697.451      0.972743 -1.49772
-224.461 -284.843      -223.824 -283.848      -0.636347 -0.993638
121.375 230.347      121.126 230.212      0.248641 0.134199
-409.322 -137.196      -408.085 -136.843      -1.23589 -0.354914
1026.3 -160.606      1026.17 -159.922      0.132426 -0.684488
517.813 -1047.13      518.335 -1045.05      -0.52108 -2.07698
1133.74 -11.9987      1132.96 -11.651      0.774557 -0.347567
456.396 664.455      456.718 664.368      -0.322202 0.0865181
922.332 -145.271      922.114 -144.687      0.217982 -0.582446
1236.77 21.6098      1235.56 22.2548      1.21392 -0.644974
649.47 -662.201      649.491 -660.602      -0.021676 -1.59952
1271.21 11.121      1270.5 11.8075      0.705093 -0.686311
1414.63 -251.998      1413.54 -251.129      1.08527 -0.868682
1665.55 158.563      1664.19 159.006      1.3678 -0.442834
675.594 357.318      675.355 356.983      0.238552 0.335633
931.409 628.629      931.032 628.245      0.376765 0.383751
2042.51 142.236      2040.53 142.708      1.98162 -0.471909
717.989 -1063.22      717.62 -1061.27      0.368313 -1.9496
968.541 374.577      968.219 374.371      0.321846 0.206654
-51.4124 111.572      -50.5866 112.346      -0.825792 -0.773898
-65.1134 32.4333      -64.373 32.497      -0.740139 -0.0634612
266.611 -107.48      266.991 -106.709      -0.379938 -0.769975
-630 152.695      -628.596 153.211      -1.40352 -0.516308
150.763 -260.906      151.421 -260.29      -0.658304 -0.615327
33.8726 77.6925      34.2793 77.9094      -0.406639 -0.216433
190.481 -5.2415      190.346 -4.87661      0.136242 -0.3651
1177.7 394.29      1176.57 394.04      1.13068 0.250087
191.877 -380.007      192.045 -379.271      -0.16819 -0.734889
-79.7715 788.608      -79.0357 788.708      -0.735509 -0.098454
683.04 186.868      682.135 186.89      0.903788 -0.0243828
393.161 8.70401      393.569 8.89327      -0.408187 -0.189154
203.843 -914.14      203.987 -912.455      -0.143886 -1.68489
874.402 -295.962      873.348 -295.087      1.05436 -0.875019
-10.3397 -307.142      -9.78628 -306.239      -0.553328 -0.903495
1209.04 -53.2566      1208.32 -52.7675      0.724052 -0.488851
63.4506 521.139      63.446 521.138      0.00464561 0.000962698
398.714 -455.675      399.294 -454.717      -0.580485 -0.957722
278.267 -1532.29      278.688 -1529.51      -0.421103 -2.78078
744.115 -627.228      744.12 -625.801      -0.00490312 -1.42691
1322.9 -777.613      1321.75 -775.68      1.15378 -1.93318
1007.53 -695.814      1007.12 -693.976      0.413447 -1.84009
1567.27 -667.511      1565.71 -666.006      1.56055 -1.50441
367.74 -348.078      368.275 -347.3      -0.535543 -0.77782
1014.63 -2.88222      1014.48 -2.32819      0.152069 -0.553807
779.367 227.023      779.639 226.544      -0.272248 0.479466
638.306 326.303      638.134 326.187      0.172542 0.115488
1405.35 -521.445      1404.04 -520.107      1.31739 -1.33851
990.255 518.398      989.593 518.393      0.655682 0.00243777
1579.14 -461.296      1577.71 -460.131      1.42412 -1.16468
81.237 335.633      81.5204 335.879      -0.283405 -0.246654
-71.1842 262.06      -70.0501 262.812      -1.13389 -0.751901
596.409 788.334      596.517 788.241      -0.107342 0.0925408
-158.543 -1105.57      -157.664 -1103.32      -0.878896 -2.24981
-195.29 37.0824      -194.622 37.0815      -0.667953 0.00121561
646.355 783.341      645.781 782.725      0.573899 0.615126
-952.755 758.812      -951.001 758.323      -1.75371 0.488307
-123.657 452.03      -122.907 452.767      -0.749721 -0.735938
-561.088 -594.597      -559.6 -593.237      -1.48699 -1.36035
5.41837 -389.369      5.80055 -388.248      -0.382088 -1.12158
-45.5425 -656.677      -44.9776 -655.393      -0.564799 -1.28449
-469.017 -488.337      -467.95 -486.811      -1.06672 -1.52585
19.8482 -411.662      20.5347 -410.788      -0.686426 -0.874587
419.993 66.4093      419.764 66.8841      0.229196 -0.474872
654.269 402.452      654.337 401.801      -0.0676384 0.65182
541.527 460.309      541.303 460.92      0.221833 -0.610913
274.421 1251.5      274.645 1250.64      -0.224154 0.851843
612.919 732.743      612.243 733.085      0.676381 -0.341532
-740.08 -102.761      -737.826 -101.88      -2.254 -0.881101
83.2599 168.171      84.5406 167.955      -1.2801 0.21587
-302.032 742.961      -301.141 742.28      -0.891229 0.681335
-111.655 -61.657      -110.872 -61.1056      -0.783082 -0.551112
1624.25 341.953      1622.87 341.887      1.38193 0.0662371
1103.29 -249.594      1102.45 -248.88      0.843828 -0.713673
602.134 186.264      602.125 185.77      0.0101405 0.494114
1621.78 -233.906      1620.01 -232.294      1.76848 -1.61223
746.085 253.921      746.31 254.136      -0.225429 -0.215173
1654.4 682.863      1653.05 682.526      1.34757 0.337128
1926.37 -537.851      1924.44 -536.46      1.93003 -1.39101
1517.3 157.602      1516.1 157.722      1.1967 -0.119286
928.472 -179.306      927.695 -178.43      0.777127 -0.877257
371.011 -34.5992      371.169 -34.5298      -0.158157 -0.0694872
509.266 64.8543      509.102 65.1453      0.164705 -0.290951
491.62 653.385      491.894 652.68      -0.272557 0.705223
-4.16698 -626.953      -3.46858 -625.512      -0.698538 -1.44116
59.405 -10.1905      60.2967 -9.99481      -0.890574 -0.194893
-468.104 -378.76      -466.849 -377.912      -1.25474 -0.847672
565.825 185.406      565.817 185.802      0.00777427 -0.395903
278.819 -215.001      278.723 -214.348      0.0968804 -0.652795
-122.994 -295.365      -122.192 -294.747      -0.801776 -0.617966
-848.905 1220.14      -847.036 1219.03      -1.86935 1.11169
99.6867 210.895      99.8493 210.784      -0.162404 0.11108
-405.204 -151.593      -403.977 -150.231      -1.22806 -1.35942
-1225.36 -739.902      -1223.11 -738.191      -2.25415 -1.71015
-194.076 -463.06      -193.009 -461.356      -1.06729 -1.70396
-776.996 -393.904      -774.953 -392.622      -2.04257 -1.28178
-80.6002 -972.896      -80.018 -971.13      -0.582174 -1.76542
554.678 -271.786      554.388 -271.168      0.290516 -0.618488
636.549 464.827      635.803 464.821      0.74656 0.00622373
-126.751 1048.81      -125.733 1048.03      -1.01781 0.782207
2112.65 -459.569      2110.5 -458.31      2.1488 -1.25883
1604.89 -328.279      1603.53 -327.242      1.35331 -1.03721
541.244 -1039.71      540.998 -1037.73      0.245091 -1.98041
341.604 881.514      341.176 880.843      0.428684 0.67321
464.31 313.491      464.254 313.729      0.056709 -0.236899
1127.95 656.6      1127.7 656.159      0.255941 0.440611
993.624 69.0402      993.677 69.449      -0.0529521 -0.408678
979.237 328.629      979.367 328.564      -0.130411 0.0652274
2765.94 595.799      2762.62 595.611      3.32043 0.187845
1830.82 100.263      1828.88 100.528      1.93695 -0.265643
1418.45 -870.311      1417.17 -868.445      1.28209 -1.8652
1836.54 546.217      1834.8 546.254      1.73736 -0.0375589
1470.93 305.939      1469.31 305.852      1.61883 0.0867337
959.24 44.5094      958.707 45.0041      0.532276 -0.494791
656.454 791.174      656.268 790.595      0.186273 0.578894
-84.5502 809.772      -83.4676 809.144      -1.08164 0.627749
-153.895 302.187      -152.91 302.04      -0.985882 0.146958
2.10868 716.477      2.28062 716.229      -0.171739 0.247667
-27.986 153.917      -27.0606 154.082      -0.9255 -0.164688
817.867 908.429      817.617 907.341      0.25056 1.08758
-1013.59 868.476      -1011.7 867.896      -1.88698 0.579799
-184.715 -106.434      -184.202 -105.775      -0.5125 -0.658516
271.689 512.803      271.92 512.658      -0.229836 0.144142
-322.438 642.044      -321.369 641.708      -1.06786 0.336046
354.049 532.138      353.916 531.467      0.13361 0.670273
52.128 927.245      53.0215 926.437      -0.893528 0.807434
38.7837 -524.639      39.4593 -523.272      -0.675596 -1.36749
970.973 -807.315      970.354 -805.712      0.619054 -1.60221
615.875 772.817      615.065 772.616      0.809088 0.202052
420.888 552.706      420.97 551.88      -0.0818017 0.82685
1012.22 227.131      1011.9 227.163      0.323922 -0.031559
541.286 95.6473      541.548 96.3076      -0.261367 -0.660253
741.798 420.542      742.061 420.255      -0.263329 0.287532
90.9508 -577.737      91.4011 -576.781      -0.450165 -0.955028
389.801 -347.106      390.471 -345.854      -0.669156 -1.25165
1125.12 -436.71      1124.47 -435.162      0.649513 -1.54775
202.117 1145.9      202.208 1145.07      -0.0908475 0.835653
1703.57 143.703      1702.01 143.934      1.5536 -0.231004
1743.92 65.428      1742.25 65.8787      1.66944 -0.450584
1683.8 105.187      1682.22 105.633      1.58173 -0.445774
822.893 790.005      822.935 789.332      -0.0418844 0.672422
567.384 779.505      567.636 778.856      -0.250409 0.647132
722.648 913.199      722.936 912.526      -0.288362 0.67276
1706.7 649.298      1705.08 648.941      1.61802 0.357098
693.327 118.754      692.401 118.382      0.925578 0.372735
2075.67 97.0598      2073.01 97.4305      2.65726 -0.370462
-176.034 298.849      -175.573 298.753      -0.460016 0.0960238
-498.364 392.061      -497.234 391.985      -1.13029 0.0756157
-394.746 167.958      -393.818 168.087      -0.927762 -0.129638
144.146 81.7408      144.766 81.8395      -0.620656 -0.0984508
695.768 431.264      695.854 430.766      -0.0854405 0.497801
-613.154 -69.9319      -611.379 -69.4609      -1.77486 -0.470949
19.2363 512.28      19.7044 512.299      -0.468657 -0.0200659
-104.503 461.346      -104.117 461.485      -0.387667 -0.138694
128.526 1145.69      128.557 1144.59      -0.0307803 1.09938
359.509 455.155      359.128 454.581      0.380956 0.574662
865.174 493.566      864.307 493.738      0.866258 -0.172062
222.2 336.51      221.939 336.67      0.26159 -0.160332
-357.473 -513.237      -356.473 -512.034      -0.999873 -1.20287
300.584 616.63      300.82 616.614      -0.235896 0.0153677
1574.91 374.983      1573.32 374.991      1.58921 -0.00840761
908.977 826.463      908.53 825.876      0.449078 0.586882
204.507 -349.398      204.515 -347.709      -0.00758094 -1.689
484.843 583.287      484.556 582.801      0.286907 0.48613
0.0518778 505.334      0.405278 504.761      -0.351999 0.574169
-270.891 1014.09      -269.606 1013.55      -1.28469 0.537536
867.536 842.678      867.412 842.206      0.123341 0.471929
1763.57 -489.961      1762.03 -488.883      1.5359 -1.07819
1086.58 40.9019      1086.11 41.5518      0.465141 -0.648672
1067.99 589.637      1067.63 589.477      0.356448 0.159388
2371 421.277      2368.4 421.167      2.6029 0.110325
728.992 739.447      729.533 738.899      -0.540955 0.548156
-41.2663 721.388      -40.3843 720.435      -0.881765 0.95353
497.118 752.699      497.637 752.975      -0.519224 -0.277185
1435.77 -2.29516      1434.52 -1.66308      1.24361 -0.631954
2478.38 -56.9752      2475.75 -56.166      2.6296 -0.809222
-318.592 617.652      -317.449 617.417      -1.1428 0.235181
509.821 803.643      509.62 803.158      0.201479 0.483614
193.961 1064.16      193.898 1063.3      0.0631554 0.857076
136.139 954.667      136.213 953.771      -0.0731423 0.895578
296.095 661.191      296.462 661.296      -0.365796 -0.105341
248.171 294.598      248.206 294.719      -0.0350926 -0.120152
606.717 731.771      606.855 731.288      -0.138769 0.482887
467.584 544.823      466.89 545.293      0.693983 -0.469544
-947.902 377.926      -946.232 377.85      -1.66975 0.0760359
-141.447 457.543      -141.332 457.806      -0.112836 -0.263326
-264.138 585.114      -263.349 584.6      -0.788458 0.513763
-212.757 -32.7032      -211.313 -32.3266      -1.44307 -0.376443
-338.428 1023.34      -337.412 1022.9      -1.01538 0.445105
-992.027 -631.196      -989.748 -629.647      -2.27916 -1.54857
-707.414 -846.687      -705.911 -844.723      -1.50284 -1.96376
-12.6484 768.08      -12.1916 767.341      -0.456789 0.73875
639.338 205.076      638.881 204.794      0.457926 0.281489
430.721 -710.396      430.637 -708.787      0.0840257 -1.60862
-98.973 -667.484      -98.5903 -666.169      -0.382443 -1.31442
100.877 159.147      101.449 159.467      -0.573708 -0.319887
204.425 -18.0083      204.901 -17.8304      -0.477636 -0.176469
1135.82 -967.264      1135.16 -965.434      0.659438 -1.82979
746.09 -1130.57      745.775 -1128.45      0.315369 -2.12352
638.015 740.657      637.809 739.912      0.2057 0.744375
27.7644 1244.95      28.2537 1244.17      -0.489395 0.77309
676.022 430.617      675.77 429.919      0.252316 0.696889
2.42154 212.054      3.26262 212.507      -0.842114 -0.452043
1259.6 583.555      1258.76 583.535      0.837694 0.0198063
1427.35 483.874      1426.43 483.746      0.919483 0.127933
2028.58 212.697      2026.59 212.843      1.98462 -0.145624
1091.76 763.678      1090.71 763.289      1.04936 0.388776
-523.228 733.644      -522.156 733.203      -1.07123 0.441208
1513.46 -241.257      1511.89 -240.211      1.56523 -1.0456
1347.33 558.998      1346.27 558.335      1.05878 0.663652
346.811 1003.82      347.617 1003.7      -0.805828 0.113304
867.859 42.3246      867.371 42.715      0.488278 -0.390079
202.263 1169.39      202.862 1168.36      -0.598447 1.02731
-80.8102 698.568      -79.7557 697.601      -1.0542 0.967031
756.568 -810.075      756.073 -808.45      0.495128 -1.62498
-291.403 105.676      -290.806 106.1      -0.596916 -0.423404
-159.677 107.648      -158.469 107.727      -1.20795 -0.0791381
253.803 392.399      253.635 391.794      0.168997 0.605173
558.312 315.85      557.789 315.749      0.524091 0.102063
3.57395 601.148      3.19688 601.225      0.377005 -0.0769862
-44.4902 872.772      -44.0182 872.259      -0.472024 0.512112
-338.159 -236.113      -336.985 -234.951      -1.17329 -1.16107
-439.966 -192.315      -438.717 -191.75      -1.24858 -0.565064
-732.13 342.118      -730.652 342.279      -1.47851 -0.160415
-1068.12 -519.065      -1065.77 -517.628      -2.35205 -1.43695
208.125 -132.179      208.487 -132.014      -0.364442 -0.164863
-871.02 -405.017      -869.139 -403.78      -1.88042 -1.23616
-2.31828 -456.524      -1.72078 -455.651      -0.597371 -0.872921
1079.71 689.166      1079.39 689.173      0.321106 -0.00769589
1164.99 484.989      1164.66 484.776      0.328809 0.213074
1543.68 261.918      1542.37 261.59      1.31468 0.327411
534.179 658.717      534.827 659.353      -0.64855 -0.635884
1464.51 236.26      1462.71 236.503      1.80087 -0.242992
2353.05 91.31      2350.23 91.7907      2.82137 -0.480623
-84.6354 183.134      -83.6114 183.696      -1.02382 -0.561669
893.108 281.98      892.736 281.802      0.371782 0.17885
1566.61 547.097      1565.28 546.732      1.33921 0.365007
934.643 411.612      934.788 412.061      -0.144496 -0.449126
1321.69 682.15      1320.65 681.227      1.03956 0.922615
930.668 910.046      930.471 909.668      0.196483 0.377504
921.98 765.614      921.536 765.265      0.443461 0.349367
1001.99 734.878      1001.31 734.319      0.679415 0.559359
290.695 833.794      290.96 832.869      -0.264828 0.924586
896.784 921.032      896.043 920.111      0.740552 0.919785
666.507 511.779      666.488 512.536      0.0194962 -0.756913
617.668 1083.33      618.018 1082.29      -0.349488 1.03906
-961.379 -417.522      -959.544 -416.227      -1.83505 -1.29458
-228.543 587.448      -227.481 587.43      -1.0619 0.0174725
526.314 572.786      525.658 572.148      0.668822 0.616692
52.596 145.423      52.9678 145.678      -0.36869 -0.254324
687.154 1005.13      686.595 1004.47      0.558197 0.663999
869.224 556.822      868.51 556.608      0.71761 0.224968
-335.314 -323.761      -334.505 -322.855      -0.80821 -0.905123
-713.447 -401.252      -711.938 -400.273      -1.50837 -0.979555
-720.038 456.719      -718.623 456.438      -1.4146 0.280936
218.705 -266.559      218.775 -266.022      -0.0694345 -0.536403
334.201 725.862      334.338 726      -0.137607 -0.139218
-97.1657 240.129      -97.1125 240.188      -0.0526465 -0.0594997
387.456 540.732      387.202 540.315      0.254548 0.41818
83.7269 -244.772      84.3476 -243.819      -0.620607 -0.953405
528.948 964.841      528.613 963.934      0.334581 0.907432
-660.681 512.268      -659.106 512.283      -1.57401 -0.014201
1088.43 62.2276      1088.07 62.1346      0.360922 0.0919427
1374.94 886.675      1374.27 886.115      0.673674 0.560145
812.716 178.914      812.551 179.095      0.16646 -0.184478
1252.96 504.026      1252.17 504.17      0.797026 -0.142266
-7.53596 -63.5021      -6.89582 -62.9577      -0.640372 -0.543503
-25.8991 560.892      -25.508 560.733      -0.391858 0.156034
2159.4 62.4718      2157.24 62.8063      2.15543 -0.334518
1545.43 83.6598      1544.26 83.9634      1.17048 -0.303433
1213.57 582.15      1212.23 581.858      1.33718 0.291846
1284.51 591.805      1283.3 591.931      1.20915 -0.126157
291.788 401.155      291.539 400.908      0.248288 0.24812
411.797 801.305      411.742 800.566      0.055553 0.738244
5.70752 285.571      6.51792 285.766      -0.810229 -0.195826
59.8445 241.485      60.6162 241.496      -0.771309 -0.0114395
718.266 1091.58      717.694 1090.75      0.571944 0.82899
-491.177 963.062      -489.864 961.999      -1.31236 1.06278
969.609 200.775      969.2 200.933      0.407968 -0.157953
72.2957 31.4198      73.1778 31.4282      -0.882082 -0.00833576
1183.2 1055.32      1182.34 1054.16      0.858536 1.15925
713.38 700.361      713.128 700.109      0.251135 0.252565
502.621 461.685      502.916 461.923      -0.295602 -0.238551
25.1323 1145.16      25.1624 1144.72      -0.030375 0.447768
272.909 8.0016      272.825 8.66753      0.0822395 -0.671123
-628.607 -140.269      -627.407 -139.646      -1.19906 -0.623322
-186.957 -110.425      -186.299 -109.473      -0.6571 -0.951732
-267.586 317.909      -266.643 318.056      -0.942062 -0.147199
-293.27 -354.373      -292.481 -353.832      -0.789019 -0.540227
84.0618 -4.69879      84.0837 -4.49293      -0.0225743 -0.205415
424.294 -343.076      423.662 -342.306      0.632121 -0.769653
-374.265 -130.195      -373.447 -129.581      -0.817382 -0.61352
1906.77 174.757      1904.94 175.045      1.83174 -0.288288
1104.74 549.065      1104.41 548.695      0.329786 0.370318
1060.75 1143.29      1059.82 1141.97      0.927786 1.3214
604.256 -70.5694      604.401 -70.5287      -0.145139 -0.0406292
1862.87 231.048      1860.77 231.186      2.1006 -0.137807
2152.41 -243.254      2150.08 -242.197      2.32743 -1.05648
447.083 924.763      446.802 923.817      0.281758 0.946046
426.318 646.633      426.14 646.227      0.177811 0.405154
1205.83 943.551      1204.48 942.895      1.3484 0.656765
1134.31 742.953      1133.04 742.569      1.27202 0.383491
962.683 1854.45      962.165 1852.6      0.518475 1.84652
449.447 1328.2      449.795 1326.93      -0.347705 1.26804
2202.63 511.02      2200.32 510.895      2.30829 0.125017
1347.53 1155.51      1346.61 1154.39      0.911162 1.114
-815.758 151.602      -814.226 151.786      -1.5316 -0.183121
490.333 399.934      489.513 400.155      0.820934 -0.222332
-429.067 74.3991      -427.504 74.8734      -1.56246 -0.474282
-411.45 -196.69      -410.164 -195.908      -1.28486 -0.781408
500.749 441.688      500.874 441.433      -0.125267 0.256981
1266.05 707.427      1264.9 706.942      1.15314 0.484205
273.305 561.213      272.863 561.123      0.44432 0.0896678
-613.93 435.626      -612.824 435.552      -1.10593 0.07409
-427.592 6.14549      -426.553 6.65265      -1.03955 -0.506983
-299.904 642.887      -298.951 642.328      -0.954483 0.558893
-801.795 -154.629      -800.066 -153.832      -1.72885 -0.797125
-516.25 -45.4446      -514.914 -45.0637      -1.33653 -0.380885
-604.04 170.943      -602.671 171.249      -1.36877 -0.306207
-1456.59 929.118      -1453.87 928.404      -2.71735 0.71363
-1240.39 -538.411      -1237.7 -536.921      -2.68764 -1.49004
-1078.09 -607.737      -1075.63 -606.026      -2.46693 -1.71077
-492.008 -675.276      -490.654 -673.292      -1.35393 -1.98407
33.6044 295.788      34.272 296.141      -0.667431 -0.352915
471.985 710.65      472.458 710.397      -0.474274 0.249115
1934.83 358.768      1932.93 358.635      1.90271 0.13328
1131.25 -1201.42      1130.45 -1199.26      0.80777 -2.16259
2396.62 127.85      2393.98 128.329      2.63484 -0.478791
1127.82 546.163      1127.21 546.298      0.608331 -0.135521
256.276 770.062      256.671 770.021      -0.394066 0.0404799
359.249 503.046      359.451 502.707      -0.201523 0.339916
773.566 1414.39      773.685 1413.02      -0.118904 1.37333
650.423 1411.21      650.331 1409.67      0.0917509 1.54336
693.484 1047.94      693.582 1047.17      -0.0919172 0.773644
1936.45 626.777      1934.53 626.506      1.91059 0.270996
1075.14 1159.89      1074.48 1159.19      0.658162 0.704118
1175.99 681.57      1175.25 681.326      0.734888 0.243463
1133.43 827.27      1132.69 827.632      0.73927 -0.3626
788.284 1000.3      788.313 999.711      -0.0289527 0.592093
-95.4288 406.975      -94.8285 406.753      -0.599416 0.22264
237.448 457.728      237.761 458.054      -0.31304 -0.326659
781.743 479.258      781.163 479.095      0.580833 0.162968
-943.421 437.796      -941.633 437.724      -1.78822 0.0714774
-544.439 -45.5618      -543.068 -44.7324      -1.36998 -0.829379
-374.157 986.469      -373.142 985.775      -1.01381 0.694462
-271.825 251.321      -270.933 251.308      -0.891797 0.0134569
-112.769 641.08      -111.605 640.43      -1.16185 0.649503
457.384 738.637      457.594 737.715      -0.210136 0.923155
549.545 991.508      549.125 991.338      0.419667 0.169526
477.838 454.427      477.408 454.678      0.429545 -0.25137
486.302 207.841      486.325 208.472      -0.0223798 -0.630229
967.152 12.9331      966.782 13.3706      0.36948 -0.436805
-270.745 844.364      -270.071 843.924      -0.673779 0.440205
-280.885 -173.768      -280.384 -172.925      -0.500821 -0.84341
258.8 943.421      259.008 942.691      -0.208214 0.729024
1074.47 418.966      1073.54 418.819      0.922916 0.146765
