0 0      0 0      0 0
0 0      32 1      -1 0
0 0      64 2      -2 0
0 0      96 3      -3 0
0 0      128 4      -4 0
0 0      160 5      -5 0
0 0      192 6      -6 0
0 0      224 7      -7 0
0 0      256 8      -8 0
0 0      288 9      -9 0
0 0      320 10      -10 0
0 0      352 11      -11 0
0 0      384 12      -12 0
0 0      416 13      -13 0
0 0      448 14      -14 0
0 0      480 15      -15 0
0 0      512 16      -16 0
0 0      544 17      -17 0
0 0      576 18      -18 0
0 0      608 19      -19 0
0 0      640 20      -20 0
0 0      672 21      -21 0
0 0      704 22      -22 0
0 0      736 23      -23 0
0 0      768 24      -24 0
0 0      800 25      -25 0
0 0      832 26      -26 0
0 0      864 27      -27 0
0 0      896 28      -28 0
0 0      928 29      -29 0
0 0      960 30      -30 0
0 0      992 31      -31 0
0 0      0 0      0 0
0 0      32 1      -1 0
0 0      64 2      -2 0
0 0      96 3      -3 0
0 0      128 4      -4 0
0 0      160 5      -5 0
0 0      192 6      -6 0
0 0      224 7      -7 0
0 0      256 8      -8 0
0 0      288 9      -9 0
0 0      320 10      -10 0
0 0      352 11      -11 0
0 0      384 12      -12 0
0 0      416 13      -13 0
0 0      448 14      -14 0
0 0      480 15      -15 0
0 0      512 16      -16 0
0 0      544 17      -17 0
0 0      576 18      -18 0
0 0      608 19      -19 0
0 0      640 20      -20 0
0 0      672 21      -21 0
0 0      704 22      -22 0
0 0      736 23      -23 0
0 0      768 24      -24 0
0 0      800 25      -25 0
0 0      832 26      -26 0
0 0      864 27      -27 0
0 0      896 28      -28 0
0 0      928 29      -29 0
0 0      960 30      -30 0
0 0      992 31      -31 0
0 0      0 0      0 0
0 0      32 1      -1 0
0 0      64 2      -2 0
0 0      96 3      -3 0
0 0      128 4      -4 0
0 0      160 5      -5 0
0 0      192 6      -6 0
0 0      224 7      -7 0
0 0      256 8      -8 0
0 0      288 9      -9 0
0 0      320 10      -10 0
0 0      352 11      -11 0
0 0      384 12      -12 0
0 0      416 13      -13 0
0 0      448 14      -14 0
0 0      480 15      -15 0
0 0      512 16      -16 0
0 0      544 17      -17 0
0 0      576 18      -18 0
0 0      608 19      -19 0
0 0      640 20      -20 0
0 0      672 21      -21 0
0 0      704 22      -22 0
0 0      736 23      -23 0
0 0      768 24      -24 0
0 0      800 25      -25 0
0 0      832 26      -26 0
0 0      864 27      -27 0
0 0      896 28      -28 0
0 0      928 29      -29 0
0 0      960 30      -30 0
0 0      992 31      -31 0
0 0      0 0      0 0
0 0      32 1      -1 0
0 0      64 2      -2 0
0 0      96 3      -3 0
0 0      128 4      -4 0
0 0      160 5      -5 0
0 0      192 6      -6 0
0 0      224 7      -7 0
0 0      256 8      -8 0
0 0      288 9      -9 0
0 0      320 10      -10 0
0 0      352 11      -11 0
0 0      384 12      -12 0
0 0      416 13      -13 0
0 0      448 14      -14 0
0 0      480 15      -15 0
0 0      512 16      -16 0
0 0      544 17      -17 0
0 0      576 18      -18 0
0 0      608 19      -19 0
0 0      640 20      -20 0
0 0      672 21      -21 0
0 0      704 22      -22 0
0 0      736 23      -23 0
0 0      768 24      -24 0
0 0      800 25      -25 0
0 0      832 26      -26 0
0 0      864 27      -27 0
0 0      896 28      -28 0
0 0      928 29      -29 0
0 0      960 30      -30 0
0 0      992 31      -31 0
0 0      0 0      0 0
0 0      32 1      -1 0
0 0      64 2      -2 0
0 0      96 3      -3 0
0 0      128 4      -4 0
0 0      160 5      -5 0
0 0      192 6      -6 0
0 0      224 7      -7 0
0 0      256 8      -8 0
0 0      288 9      -9 0
0 0      320 10      -10 0
0 0      352 11      -11 0
0 0      384 12      -12 0
0 0      416 13      -13 0
0 0      448 14      -14 0
0 0      480 15      -15 0
0 0      512 16      -16 0
0 0      544 17      -17 0
0 0      576 18      -18 0
0 0      608 19      -19 0
0 0      640 20      -20 0
0 0      672 21      -21 0
0 0      704 22      -22 0
0 0      736 23      -23 0
0 0      768 24      -24 0
0 0      800 25      -25 0
0 0      832 26      -26 0
0 0      864 27      -27 0
0 0      896 28      -28 0
0 0      928 29      -29 0
0 0      960 30      -30 0
0 0      992 31      -31 0
0 0      0 0      0 0
0 0      32 1      -1 0
0 0      64 2      -2 0
0 0      96 3      -3 0
0 0      128 4      -4 0
0 0      160 5      -5 0
0 0      192 6      -6 0
0 0      224 7      -7 0
0 0      256 8      -8 0
0 0      288 9      -9 0
0 0      320 10      -10 0
0 0      352 11      -11 0
0 0      384 12      -12 0
0 0      416 13      -13 0
0 0      448 14      -14 0
0 0      480 15      -15 0
0 0      512 16      -16 0
0 0      544 17      -17 0
0 0      576 18      -18 0
0 0      608 19      -19 0
0 0      640 20      -20 0
0 0      672 21      -21 0
0 0      704 22      -22 0
0 0      736 23      -23 0
0 0      768 24      -24 0
0 0      800 25      -25 0
0 0      832 26      -26 0
0 0      864 27      -27 0
0 0      896 28      -28 0
0 0      928 29      -29 0
0 0      960 30      -30 0
0 0      992 31      -31 0
0 0      0 0      0 0
0 0      32 1      -1 0
0 0      64 2      -2 0
0 0      96 3      -3 0
0 0      128 4      -4 0
0 0      160 5      -5 0
0 0      192 6      -6 0
0 0      224 7      -7 0
0 0      256 8      -8 0
0 0      288 9      -9 0
0 0      320 10      -10 0
0 0      352 11      -11 0
0 0      384 12      -12 0
0 0      416 13      -13 0
0 0      448 14      -14 0
0 0      480 15      -15 0
0 0      512 16      -16 0
0 0      544 17      -17 0
0 0      576 18      -18 0
0 0      608 19      -19 0
0 0      640 20      -20 0
0 0      672 21      -21 0
0 0      704 22      -22 0
0 0      736 23      -23 0
0 0      768 24      -24 0
0 0      800 25      -25 0
0 0      832 26      -26 0
0 0      864 27      -27 0
0 0      896 28      -28 0
0 0      928 29      -29 0
0 0      960 30      -30 0
0 0      992 31      -31 0
0 0      0 0      0 0
0 0      32 1      -1 0
0 0      64 2      -2 0
0 0      96 3      -3 0
0 0      128 4      -4 0
0 0      160 5      -5 0
0 0      192 6      -6 0
0 0      224 7      -7 0
0 0      256 8      -8 0
0 0      288 9      -9 0
0 0      320 10      -10 0
0 0      352 11      -11 0
0 0      384 12      -12 0
0 0      416 13      -13 0
0 0      448 14      -14 0
0 0      480 15      -15 0
0 0      512 16      -16 0
0 0      544 17      -17 0
0 0      576 18      -18 0
0 0      608 19      -19 0
0 0      640 20      -20 0
0 0      672 21      -21 0
0 0      704 22      -22 0
0 0      736 23      -23 0
0 0      768 24      -24 0
0 0      800 25      -25 0
0 0      832 26      -26 0
0 0      864 27      -27 0
0 0      896 28      -28 0
0 0      928 29      -29 0
0 0      960 30      -30 0
0 0      992 31      -31 0
0 0      0 0      0 0
0 0      32 1      -1 0
0 0      64 2      -2 0
0 0      96 3      -3 0
0 0      128 4      -4 0
0 0      160 5      -5 0
0 0      192 6      -6 0
0 0      224 7      -7 0
0 0      256 8      -8 0
0 0      288 9      -9 0
0 0      320 10      -10 0
0 0      352 11      -11 0
0 0      384 12      -12 0
0 0      416 13      -13 0
0 0      448 14      -14 0
0 0      480 15      -15 0
0 0      512 16      -16 0
0 0      544 17      -17 0
0 0      576 18      -18 0
0 0      608 19      -19 0
0 0      640 20      -20 0
0 0      672 21      -21 0
0 0      704 22      -22 0
0 0      736 23      -23 0
0 0      768 24      -24 0
0 0      800 25      -25 0
0 0      832 26      -26 0
0 0      864 27      -27 0
0 0      896 28      -28 0
0 0      928 29      -29 0
0 0      960 30      -30 0
0 0      992 31      -31 0
0 0      0 0      0 0
0 0      32 1      -1 0
0 0      64 2      -2 0
0 0      96 3      -3 0
0 0      128 4      -4 0
0 0      160 5      -5 0
0 0      192 6      -6 0
0 0      224 7      -7 0
0 0      256 8      -8 0
0 0      288 9      -9 0
0 0      320 10      -10 0
0 0      352 11      -11 0
0 0      384 12      -12 0
0 0      416 13      -13 0
0 0      448 14      -14 0
0 0      480 15      -15 0
0 0      512 16      -16 0
0 0      544 17      -17 0
0 0      576 18      -18 0
0 0      608 19      -19 0
0 0      640 20      -20 0
0 0      672 21      -21 0
0 0      704 22      -22 0
0 0      736 23      -23 0
0 0      768 24      -24 0
0 0      800 25      -25 0
0 0      832 26      -26 0
0 0      864 27      -27 0
0 0      896 28      -28 0
0 0      928 29      -29 0
0 0      960 30      -30 0
0 0      992 31      -31 0
0 0      0 0      0 0
0 0      32 1      -1 0
0 0      64 2      -2 0
0 0      96 3      -3 0
0 0      128 4      -4 0
0 0      160 5      -5 0
0 0      192 6      -6 0
0 0      224 7      -7 0
0 0      256 8      -8 0
0 0      288 9      -9 0
0 0      320 10      -10 0
0 0      352 11      -11 0
0 0      384 12      -12 0
0 0      416 13      -13 0
0 0      448 14      -14 0
0 0      480 15      -15 0
0 0      512 16      -16 0
0 0      544 17      -17 0
0 0      576 18      -18 0
0 0      608 19      -19 0
0 0      640 20      -20 0
0 0      672 21      -21 0
0 0      704 22      -22 0
0 0      736 23      -23 0
0 0      768 24      -24 0
0 0      800 25      -25 0
0 0      832 26      -26 0
0 0      864 27      -27 0
0 0      896 28      -28 0
0 0      928 29      -29 0
0 0      960 30      -30 0
0 0      992 31      -31 0
0 0      0 0      0 0
0 0      32 1      -1 0
0 0      64 2      -2 0
0 0      96 3      -3 0
0 0      128 4      -4 0
0 0      160 5      -5 0
0 0      192 6      -6 0
0 0      224 7      -7 0
0 0      256 8      -8 0
0 0      288 9      -9 0
0 0      320 10      -10 0
0 0      352 11      -11 0
0 0      384 12      -12 0
0 0      416 13      -13 0
0 0      448 14      -14 0
0 0      480 15      -15 0
0 0      512 16      -16 0
0 0      544 17      -17 0
0 0      576 18      -18 0
0 0      608 19      -19 0
0 0      640 20      -20 0
0 0      672 21      -21 0
0 0      704 22      -22 0
0 0      736 23      -23 0
0 0      768 24      -24 0
0 0      800 25      -25 0
0 0      832 26      -26 0
0 0      864 27      -27 0
0 0      896 28      -28 0
0 0      928 29      -29 0
0 0      960 30      -30 0
0 0      992 31      -31 0
0 0      0 0      0 0
0 0      32 1      -1 0
0 0      64 2      -2 0
0 0      96 3      -3 0
0 0      128 4      -4 0
0 0      160 5      -5 0
0 0      192 6      -6 0
0 0      224 7      -7 0
0 0      256 8      -8 0
0 0      288 9      -9 0
0 0      320 10      -10 0
0 0      352 11      -11 0
0 0      384 12      -12 0
0 0      416 13      -13 0
0 0      448 14      -14 0
0 0      480 15      -15 0
0 0      512 16      -16 0
0 0      544 17      -17 0
0 0      576 18      -18 0
0 0      608 19      -19 0
0 0      640 20      -20 0
0 0      672 21      -21 0
0 0      704 22      -22 0
0 0      736 23      -23 0
0 0      768 24      -24 0
0 0      800 25      -25 0
0 0      832 26      -26 0
0 0      864 27      -27 0
0 0      896 28      -28 0
0 0      928 29      -29 0
0 0      960 30      -30 0
0 0      992 31      -31 0
0 0      0 0      0 0
0 0      32 1      -1 0
0 0      64 2      -2 0
0 0      96 3      -3 0
0 0      128 4      -4 0
0 0      160 5      -5 0
0 0      192 6      -6 0
0 0      224 7      -7 0
0 0      256 8      -8 0
0 0      288 9      -9 0
0 0      320 10      -10 0
0 0      352 11      -11 0
0 0      384 12      -12 0
0 0      416 13      -13 0
0 0      448 14      -14 0
0 0      480 15      -15 0
0 0      512 16      -16 0
0 0      544 17      -17 0
0 0      576 18      -18 0
0 0      608 19      -19 0
0 0      640 20      -20 0
0 0      672 21      -21 0
0 0      704 22      -22 0
0 0      736 23      -23 0
0 0      768 24      -24 0
0 0      800 25      -25 0
0 0      832 26      -26 0
0 0      864 27      -27 0
0 0      896 28      -28 0
0 0      928 29      -29 0
0 0      960 30      -30 0
0 0      992 31      -31 0
0 0      0 0      0 0
0 0      32 1      -1 0
0 0      64 2      -2 0
0 0      96 3      -3 0
0 0      128 4      -4 0
0 0      160 5      -5 0
0 0      192 6      -6 0
0 0      224 7      -7 0
0 0      256 8      -8 0
0 0      288 9      -9 0
0 0      320 10      -10 0
0 0      352 11      -11 0
0 0      384 12      -12 0
0 0      416 13      -13 0
0 0      448 14      -14 0
0 0      480 15      -15 0
0 0      512 16      -16 0
0 0      544 17      -17 0
0 0      576 18      -18 0
0 0      608 19      -19 0
0 0      640 20      -20 0
0 0      672 21      -21 0
0 0      704 22      -22 0
0 0      736 23      -23 0
0 0      768 24      -24 0
0 0      800 25      -25 0
0 0      832 26      -26 0
0 0      864 27      -27 0
0 0      896 28      -28 0
0 0      928 29      -29 0
0 0      960 30      -30 0
0 0      992 31      -31 0
0 0      0 0      0 0
0 0      32 1      -1 0
0 0      64 2      -2 0
0 0      96 3      -3 0
0 0      128 4      -4 0
0 0      160 5      -5 0
0 0      192 6      -6 0
0 0      224 7      -7 0
0 0      256 8      -8 0
0 0      288 9      -9 0
0 0      320 10      -10 0
0 0      352 11      -11 0
0 0      384 12      -12 0
0 0      416 13      -13 0
0 0      448 14      -14 0
0 0      480 15      -15 0
0 0      512 16      -16 0
0 0      544 17      -17 0
0 0      576 18      -18 0
0 0      608 19      -19 0
0 0      640 20      -20 0
0 0      672 21      -21 0
0 0      704 22      -22 0
0 0      736 23      -23 0
0 0      768 24      -24 0
0 0      800 25      -25 0
0 0      832 26      -26 0
0 0      864 27      -27 0
0 0      896 28      -28 0
0 0      928 29      -29 0
0 0      960 30      -30 0
0 0      992 31      -31 0
0 0      0 0      0 0
0 0      32 1      -1 0
0 0      64 2      -2 0
0 0      96 3      -3 0
0 0      128 4      -4 0
0 0      160 5      -5 0
0 0      192 6      -6 0
0 0      224 7      -7 0
0 0      256 8      -8 0
0 0      288 9      -9 0
0 0      320 10      -10 0
0 0      352 11      -11 0
0 0      384 12      -12 0
0 0      416 13      -13 0
0 0      448 14      -14 0
0 0      480 15      -15 0
0 0      512 16      -16 0
0 0      544 17      -17 0
0 0      576 18      -18 0
0 0      608 19      -19 0
0 0      640 20      -20 0
0 0      672 21      -21 0
0 0      704 22      -22 0
0 0      736 23      -23 0
0 0      768 24      -24 0
0 0      800 25      -25 0
0 0      832 26      -26 0
0 0      864 27      -27 0
0 0      896 28      -28 0
0 0      928 29      -29 0
0 0      960 30      -30 0
0 0      992 31      -31 0
0 0      0 0      0 0
0 0      32 1      -1 0
0 0      64 2      -2 0
0 0      96 3      -3 0
0 0      128 4      -4 0
0 0      160 5      -5 0
0 0      192 6      -6 0
0 0      224 7      -7 0
0 0      256 8      -8 0
0 0      288 9      -9 0
0 0      320 10      -10 0
0 0      352 11      -11 0
0 0      384 12      -12 0
0 0      416 13      -13 0
0 0      448 14      -14 0
0 0      480 15      -15 0
0 0      512 16      -16 0
0 0      544 17      -17 0
0 0      576 18      -18 0
0 0      608 19      -19 0
0 0      640 20      -20 0
0 0      672 21      -21 0
0 0      704 22      -22 0
0 0      736 23      -23 0
0 0      768 24      -24 0
0 0      800 25      -25 0
0 0      832 26      -26 0
0 0      864 27      -27 0
0 0      896 28      -28 0
0 0      928 29      -29 0
0 0      960 30      -30 0
0 0      992 31      -31 0
0 0      0 0      0 0
0 0      32 1      -1 0
0 0      64 2      -2 0
0 0      96 3      -3 0
0 0      128 4      -4 0
0 0      160 5      -5 0
0 0      192 6      -6 0
0 0      224 7      -7 0
0 0      256 8      -8 0
0 0      288 9      -9 0
0 0      320 10      -10 0
0 0      352 11      -11 0
0 0      384 12      -12 0
0 0      416 13      -13 0
0 0      448 14      -14 0
0 0      480 15      -15 0
0 0      512 16      -16 0
0 0      544 17      -17 0
0 0      576 18      -18 0
0 0      608 19      -19 0
0 0      640 20      -20 0
0 0      672 21      -21 0
0 0      704 22      -22 0
0 0      736 23      -23 0
0 0      768 24      -24 0
0 0      800 25      -25 0
0 0      832 26      -26 0
0 0      864 27      -27 0
0 0      896 28      -28 0
0 0      928 29      -29 0
0 0      960 30      -30 0
0 0      992 31      -31 0
0 0      0 0      0 0
0 0      32 1      -1 0
0 0      64 2      -2 0
0 0      96 3      -3 0
0 0      128 4      -4 0
0 0      160 5      -5 0
0 0      192 6      -6 0
0 0      224 7      -7 0
0 0      256 8      -8 0
0 0      288 9      -9 0
0 0      320 10      -10 0
0 0      352 11      -11 0
0 0      384 12      -12 0
0 0      416 13      -13 0
0 0      448 14      -14 0
0 0      480 15      -15 0
0 0      512 16      -16 0
0 0      544 17      -17 0
0 0      576 18      -18 0
0 0      608 19      -19 0
0 0      640 20      -20 0
0 0      672 21      -21 0
0 0      704 22      -22 0
0 0      736 23      -23 0
0 0      768 24      -24 0
0 0      800 25      -25 0
0 0      832 26      -26 0
0 0      864 27      -27 0
0 0      896 28      -28 0
0 0      928 29      -29 0
0 0      960 30      -30 0
0 0      992 31      -31 0
0 0      0 0      0 0
0 0      32 1      -1 0
0 0      64 2      -2 0
0 0      96 3      -3 0
0 0      128 4      -4 0
0 0      160 5      -5 0
0 0      192 6      -6 0
0 0      224 7      -7 0
0 0      256 8      -8 0
0 0      288 9      -9 0
0 0      320 10      -10 0
0 0      352 11      -11 0
0 0      384 12      -12 0
0 0      416 13      -13 0
0 0      448 14      -14 0
0 0      480 15      -15 0
0 0      512 16      -16 0
0 0      544 17      -17 0
0 0      576 18      -18 0
0 0      608 19      -19 0
0 0      640 20      -20 0
0 0      672 21      -21 0
0 0      704 22      -22 0
0 0      736 23      -23 0
0 0      768 24      -24 0
0 0      800 25      -25 0
0 0      832 26      -26 0
0 0      864 27      -27 0
0 0      896 28      -28 0
0 0      928 29      -29 0
0 0      960 30      -30 0
0 0      992 31      -31 0
0 0      0 0      0 0
0 0      32 1      -1 0
0 0      64 2      -2 0
0 0      96 3      -3 0
0 0      128 4      -4 0
0 0      160 5      -5 0
0 0      192 6      -6 0
0 0      224 7      -7 0
0 0      256 8      -8 0
0 0      288 9      -9 0
0 0      320 10      -10 0
0 0      352 11      -11 0
0 0      384 12      -12 0
0 0      416 13      -13 0
0 0      448 14      -14 0
0 0      480 15      -15 0
0 0      512 16      -16 0
0 0      544 17      -17 0
0 0      576 18      -18 0
0 0      608 19      -19 0
0 0      640 20      -20 0
0 0      672 21      -21 0
0 0      704 22      -22 0
0 0      736 23      -23 0
0 0      768 24      -24 0
0 0      800 25      -25 0
0 0      832 26      -26 0
0 0      864 27      -27 0
0 0      896 28      -28 0
0 0      928 29      -29 0
0 0      960 30      -30 0
0 0      992 31      -31 0
0 0      0 0      0 0
0 0      32 1      -1 0
0 0      64 2      -2 0
0 0      96 3      -3 0
0 0      128 4      -4 0
0 0      160 5      -5 0
0 0      192 6      -6 0
0 0      224 7      -7 0
0 0      256 8      -8 0
0 0      288 9      -9 0
0 0      320 10      -10 0
0 0      352 11      -11 0
0 0      384 12      -12 0
0 0      416 13      -13 0
0 0      448 14      -14 0
0 0      480 15      -15 0
0 0      512 16      -16 0
0 0      544 17      -17 0
0 0      576 18      -18 0
0 0      608 19      -19 0
0 0      640 20      -20 0
0 0      672 21      -21 0
0 0      704 22      -22 0
0 0      736 23      -23 0
0 0      768 24      -24 0
0 0      800 25      -25 0
0 0      832 26      -26 0
0 0      864 27      -27 0
0 0      896 28      -28 0
0 0      928 29      -29 0
0 0      960 30      -30 0
0 0      992 31      -31 0
0 0      0 0      0 0
0 0      32 1      -1 0
0 0      64 2      -2 0
0 0      96 3      -3 0
0 0      128 4      -4 0
0 0      160 5      -5 0
0 0      192 6      -6 0
0 0      224 7      -7 0
0 0      256 8      -8 0
0 0      288 9      -9 0
0 0      320 10      -10 0
0 0      352 11      -11 0
0 0      384 12      -12 0
0 0      416 13      -13 0
0 0      448 14      -14 0
0 0      480 15      -15 0
0 0      512 16      -16 0
0 0      544 17      -17 0
0 0      576 18      -18 0
0 0      608 19      -19 0
0 0      640 20      -20 0
0 0      672 21      -21 0
0 0      704 22      -22 0
0 0      736 23      -23 0
0 0      768 24      -24 0
0 0      800 25      -25 0
0 0      832 26      -26 0
0 0      864 27      -27 0
0 0      896 28      -28 0
0 0      928 29      -29 0
0 0      960 30      -30 0
0 0      992 31      -31 0
0 0      0 0      0 0
0 0      32 1      -1 0
0 0      64 2      -2 0
0 0      96 3      -3 0
0 0      128 4      -4 0
0 0      160 5      -5 0
0 0      192 6      -6 0
0 0      224 7      -7 0
0 0      256 8      -8 0
0 0      288 9      -9 0
0 0      320 10      -10 0
0 0      352 11      -11 0
0 0      384 12      -12 0
0 0      416 13      -13 0
0 0      448 14      -14 0
0 0      480 15      -15 0
0 0      512 16      -16 0
0 0      544 17      -17 0
0 0      576 18      -18 0
0 0      608 19      -19 0
0 0      640 20      -20 0
0 0      672 21      -21 0
0 0      704 22      -22 0
0 0      736 23      -23 0
0 0      768 24      -24 0
0 0      800 25      -25 0
0 0      832 26      -26 0
0 0      864 27      -27 0
0 0      896 28      -28 0
0 0      928 29      -29 0
0 0      960 30      -30 0
0 0      992 31      -31 0
0 0      0 0      0 0
0 0      32 1      -1 0
0 0      64 2      -2 0
0 0      96 3      -3 0
0 0      128 4      -4 0
0 0      160 5      -5 0
0 0      192 6      -6 0
0 0      224 7      -7 0
0 0      256 8      -8 0
0 0      288 9      -9 0
0 0      320 10      -10 0
0 0      352 11      -11 0
0 0      384 12      -12 0
0 0      416 13      -13 0
0 0      448 14      -14 0
0 0      480 15      -15 0
0 0      512 16      -16 0
0 0      544 17      -17 0
0 0      576 18      -18 0
0 0      608 19      -19 0
0 0      640 20      -20 0
0 0      672 21      -21 0
0 0      704 22      -22 0
0 0      736 23      -23 0
0 0      768 24      -24 0
0 0      800 25      -25 0
0 0      832 26      -26 0
0 0      864 27      -27 0
0 0      896 28      -28 0
0 0      928 29      -29 0
0 0      960 30      -30 0
0 0      992 31      -31 0
0 0      0 0      0 0
0 0      32 1      -1 0
0 0      64 2      -2 0
0 0      96 3      -3 0
0 0      128 4      -4 0
0 0      160 5      -5 0
0 0      192 6      -6 0
0 0      224 7      -7 0
0 0      256 8      -8 0
0 0      288 9      -9 0
0 0      320 10      -10 0
0 0      352 11      -11 0
0 0      384 12      -12 0
0 0      416 13      -13 0
0 0      448 14      -14 0
0 0      480 15      -15 0
0 0      512 16      -16 0
0 0      544 17      -17 0
0 0      576 18      -18 0
0 0      608 19      -19 0
0 0      640 20      -20 0
0 0      672 21      -21 0
0 0      704 22      -22 0
0 0      736 23      -23 0
0 0      768 24      -24 0
0 0      800 25      -25 0
0 0      832 26      -26 0
0 0      864 27      -27 0
0 0      896 28      -28 0
0 0      928 29      -29 0
0 0      960 30      -30 0
0 0      992 31      -31 0
0 0      0 0      0 0
0 0      32 1      -1 0
0 0      64 2      -2 0
0 0      96 3      -3 0
0 0      128 4      -4 0
0 0      160 5      -5 0
0 0      192 6      -6 0
0 0      224 7      -7 0
0 0      256 8      -8 0
0 0      288 9      -9 0
0 0      320 10      -10 0
0 0      352 11      -11 0
0 0      384 12      -12 0
0 0      416 13      -13 0
0 0      448 14      -14 0
0 0      480 15      -15 0
0 0      512 16      -16 0
0 0      544 17      -17 0
0 0      576 18      -18 0
0 0      608 19      -19 0
0 0      640 20      -20 0
0 0      672 21      -21 0
0 0      704 22      -22 0
0 0      736 23      -23 0
0 0      768 24      -24 0
0 0      800 25      -25 0
0 0      832 26      -26 0
0 0      864 27      -27 0
0 0      896 28      -28 0
0 0      928 29      -29 0
0 0      960 30      -30 0
0 0      992 31      -31 0
0 0      0 0      0 0
0 0      32 1      -1 0
0 0      64 2      -2 0
0 0      96 3      -3 0
0 0      128 4      -4 0
0 0      160 5      -5 0
0 0      192 6      -6 0
0 0      224 7      -7 0
0 0      256 8      -8 0
0 0      288 9      -9 0
0 0      320 10      -10 0
0 0      352 11      -11 0
0 0      384 12      -12 0
0 0      416 13      -13 0
0 0      448 14      -14 0
0 0      480 15      -15 0
0 0      512 16      -16 0
0 0      544 17      -17 0
0 0      576 18      -18 0
0 0      608 19      -19 0
0 0      640 20      -20 0
0 0      672 21      -21 0
0 0      704 22      -22 0
0 0      736 23      -23 0
0 0      768 24      -24 0
0 0      800 25      -25 0
0 0      832 26      -26 0
0 0      864 27      -27 0
0 0      896 28      -28 0
0 0      928 29      -29 0
0 0      960 30      -30 0
0 0      992 31      -31 0
0 0      0 0      0 0
0 0      32 1      -1 0
0 0      64 2      -2 0
0 0      96 3      -3 0
0 0      128 4      -4 0
0 0      160 5      -5 0
0 0      192 6      -6 0
0 0      224 7      -7 0
0 0      256 8      -8 0
0 0      288 9      -9 0
0 0      320 10      -10 0
0 0      352 11      -11 0
0 0      384 12      -12 0
0 0      416 13      -13 0
0 0      448 14      -14 0
0 0      480 15      -15 0
0 0      512 16      -16 0
0 0      544 17      -17 0
0 0      576 18      -18 0
0 0      608 19      -19 0
0 0      640 20      -20 0
0 0      672 21      -21 0
0 0      704 22      -22 0
0 0      736 23      -23 0
0 0      768 24      -24 0
0 0      800 25      -25 0
0 0      832 26      -26 0
0 0      864 27      -27 0
0 0      896 28      -28 0
0 0      928 29      -29 0
0 0      960 30      -30 0
0 0      992 31      -31 0
0 0      0 0      0 0
0 0      32 1      -1 0
0 0      64 2      -2 0
0 0      96 3      -3 0
0 0      128 4      -4 0
0 0      160 5      -5 0
0 0      192 6      -6 0
0 0      224 7      -7 0
0 0      256 8      -8 0
0 0      288 9      -9 0
0 0      320 10      -10 0
0 0      352 11      -11 0
0 0      384 12      -12 0
0 0      416 13      -13 0
0 0      448 14      -14 0
0 0      480 15      -15 0
0 0      512 16      -16 0
0 0      544 17      -17 0
0 0      576 18      -18 0
0 0      608 19      -19 0
0 0      640 20      -20 0
0 0      672 21      -21 0
0 0      704 22      -22 0
0 0      736 23      -23 0
0 0      768 24      -24 0
0 0      800 25      -25 0
0 0      832 26      -26 0
0 0      864 27      -27 0
0 0      896 28      -28 0
0 0      928 29      -29 0
0 0      960 30      -30 0
0 0      992 31      -31 0
0 0      0 0      0 0
0 0      32 1      -1 0
0 0      64 2      -2 0
0 0      96 3      -3 0
0 0      128 4      -4 0
0 0      160 5      -5 0
0 0      192 6      -6 0
0 0      224 7      -7 0
0 0      256 8      -8 0
0 0      288 9      -9 0
0 0      320 10      -10 0
0 0      352 11      -11 0
0 0      384 12      -12 0
0 0      416 13      -13 0
0 0      448 14      -14 0
0 0      480 15      -15 0
0 0      512 16      -16 0
0 0      544 17      -17 0
0 0      576 18      -18 0
0 0      608 19      -19 0
0 0      640 20      -20 0
0 0      672 21      -21 0
0 0      704 22      -22 0
0 0      736 23      -23 0
0 0      768 24      -24 0
0 0      800 25      -25 0
0 0      832 26      -26 0
0 0      864 27      -27 0
0 0      896 28      -28 0
0 0      928 29      -29 0
0 0      960 30      -30 0
0 0      992 31      -31 0
